5 3 12 6 9 1 14 4 2 13 10 0 8 11 7
1 7 0 2 4 11 10 14 5 12 8 3 9 6 13
9 1 6 4 0 10 5 13 7 11 14 2 3 8 12
5 8 6 14 1 0 3 11 12 10 7 13 4 2 9
0 11 1 5 9 13 14 2 7 12 3 8 4 10 6
12 1 10 7 14 9 0 2 6 13 8 3 11 5 4
8 12 3 11 6 5 2 7 10 13 14 1 4 0 9
8 4 10 0 14 2 12 1 6 9 3 13 7 5 11
12 5 3 8 4 11 7 14 2 1 13 6 9 10 0
0 9 5 14 1 13 6 11 7 10 4 8 2 3 12
13 6 4 7 2 8 12 10 5 11 0 1 3 9 14
6 0 7 8 4 13 2 1 9 14 12 10 5 11 3
6 0 4 7 2 12 10 8 13 11 14 9 3 5 1
3 12 5 1 6 4 7 2 11 9 13 14 0 8 10
11 3 1 13 7 9 8 14 10 4 6 2 12 0 5
7 13 9 4 10 2 0 6 5 3 8 1 14 11 12
7 5 14 10 13 6 3 2 9 12 4 8 1 0 11
13 7 10 1 5 11 8 0 14 6 4 3 12 2 9
5 10 7 11 14 1 12 0 13 2 4 6 3 9 8
10 7 5 2 11 14 3 9 0 6 4 12 13 8 1
11 3 6 2 7 10 1 13 0 4 8 5 14 9 12
10 9 0 3 4 5 8 11 1 7 6 14 12 13 2
10 9 0 4 7 2 1 13 6 14 12 8 11 3 5
6 0 7 13 5 3 14 1 9 12 8 2 4 11 10
7 6 11 5 13 12 8 4 14 9 0 3 1 2 10
7 5 10 6 11 13 9 0 12 2 8 14 1 3 4
13 7 2 9 1 11 0 5 8 10 12 6 3 14 4
7 9 4 14 13 2 12 3 8 10 0 6 11 5 1
9 12 7 11 4 5 0 1 13 8 3 10 2 6 14
10 11 14 13 5 1 12 9 3 6 8 2 0 4 7