10 11 9 8 1 7 6 2 5 13 4 14 0 12 3
12 8 14 3 1 7 13 6 10 5 4 2 9 11 0
12 0 3 13 14 10 2 6 9 1 11 4 5 7 8
14 3 7 2 6 5 10 8 11 1 0 9 13 12 4
6 5 7 4 9 3 13 10 1 0 14 11 8 12 2
7 11 12 9 8 2 3 5 4 1 10 0 6 13 14
11 12 1 7 14 6 3 5 8 9 13 4 10 0 2
3 9 11 14 2 13 12 10 6 7 0 1 4 5 8
9 2 3 13 10 14 12 1 7 0 6 8 11 4 5
0 7 3 14 4 8 13 2 1 9 12 5 6 10 11
2 12 0 4 14 10 8 13 7 3 6 9 5 1 11
5 2 8 6 4 12 9 1 10 0 14 7 13 11 3
14 5 0 3 7 1 4 8 2 12 11 13 9 10 6
5 2 14 6 12 4 10 9 3 8 13 7 1 0 11
4 9 0 6 1 10 13 3 2 12 5 11 7 8 14
2 5 12 4 1 7 6 14 3 8 13 10 9 0 11
6 10 1 8 12 2 11 9 14 5 0 7 13 3 4
2 0 4 10 3 5 7 12 14 13 11 9 8 1 6
5 6 8 0 10 11 13 14 7 2 12 1 4 9 3
13 8 11 7 9 10 3 14 4 12 1 6 2 5 0
1 6 14 3 12 10 7 13 5 0 4 11 9 2 8
7 11 0 10 1 2 5 4 3 9 14 8 6 12 13
6 7 12 13 11 3 8 1 10 9 0 5 2 14 4
4 6 1 10 12 9 14 7 11 0 5 3 13 8 2
7 2 10 9 5 3 1 13 11 8 4 14 12 6 0
3 4 12 0 7 11 10 2 13 5 8 6 14 9 1
11 12 0 13 6 2 1 9 5 7 3 10 4 14 8
0 9 8 12 3 14 10 7 2 1 6 11 4 5 13
4 2 7 11 6 3 1 10 8 9 13 0 12 14 5
14 6 2 8 10 4 11 13 12 7 3 5 1 0 9