5 11 1 9 6 4 13 3 7 10 12 14 2 8 0
11 8 4 9 1 2 12 5 10 13 6 7 14 0 3
9 2 0 13 10 6 11 3 8 14 12 5 7 4 1
12 1 13 5 14 0 8 11 7 3 4 6 2 10 9
5 10 12 8 7 2 14 9 13 4 11 0 6 1 3
4 11 2 14 12 5 10 8 1 6 9 0 13 3 7
2 3 0 6 14 11 7 5 4 12 13 8 9 1 10
14 5 6 8 9 10 1 2 4 7 11 3 13 12 0
13 2 10 0 6 9 8 7 4 14 5 1 3 11 12
6 1 14 10 7 2 4 11 0 13 9 8 3 5 12
4 6 7 13 11 8 10 5 3 0 9 2 14 12 1
5 13 9 2 0 12 14 7 1 10 3 6 11 8 4
12 6 2 0 10 3 11 4 14 5 7 9 13 8 1
3 12 4 10 8 7 5 1 6 11 9 14 13 2 0
10 6 11 5 13 3 1 12 0 14 8 2 7 9 4
10 13 1 4 11 5 6 7 14 3 8 2 0 12 9
2 6 5 13 4 10 14 7 0 8 3 12 11 9 1
14 13 2 1 4 9 11 0 3 12 8 7 6 5 10
7 0 3 8 2 4 10 1 13 5 6 12 14 11 9
0 1 11 14 5 2 9 13 8 4 6 10 12 3 7
12 11 13 10 14 4 8 1 9 3 7 5 0 6 2
10 0 1 4 14 13 7 9 2 3 11 12 8 5 6
0 11 8 5 6 9 14 4 2 13 10 7 12 1 3
12 5 1 7 13 4 8 11 0 10 6 14 9 2 3
5 8 3 4 13 9 12 10 1 7 0 11 2 6 14
0 14 3 12 6 10 8 7 9 13 2 1 5 4 11
8 4 14 7 2 13 11 12 0 5 6 3 9 10 1
12 2 0 3 5 13 14 1 11 4 8 7 9 6 10
10 3 2 13 8 6 11 9 0 1 4 7 5 14 12
5 10 11 4 0 2 3 9 13 8 12 7 6 14 1