7 0 12 5 11 10 8 2 13 6 4 3 1 14 9
7 11 6 10 3 1 4 2 14 8 12 13 9 5 0
1 2 8 5 4 10 12 14 13 6 7 9 11 0 3
7 5 2 10 1 3 13 6 8 12 4 14 11 9 0
13 12 0 9 3 5 10 14 4 8 1 6 11 7 2
8 6 4 3 5 11 0 12 9 1 13 2 14 7 10
3 9 5 13 8 14 12 10 2 0 1 6 7 4 11
6 8 14 3 10 11 12 4 7 1 9 13 2 5 0
12 8 3 0 14 6 11 10 13 1 7 5 9 2 4
14 12 10 11 3 5 8 2 9 13 0 4 7 1 6
11 13 7 9 12 14 2 5 8 6 10 3 4 1 0
9 10 11 4 13 8 1 2 14 0 5 12 6 3 7
9 3 6 4 10 8 12 5 1 14 11 13 0 2 7
13 7 5 14 0 6 12 9 11 3 2 1 4 10 8
10 2 9 5 3 14 13 1 4 0 7 12 11 8 6
1 4 3 9 14 0 5 7 2 11 8 10 12 6 13
13 3 5 9 7 1 4 10 6 11 0 14 12 2 8
14 0 1 9 7 11 10 13 6 12 2 5 4 3 8
7 5 11 14 8 13 3 6 9 4 1 2 10 0 12
5 1 8 2 6 9 12 7 4 10 13 3 14 0 11
8 5 1 11 10 6 7 4 12 13 0 9 3 14 2
9 2 5 4 0 8 14 10 3 1 6 11 13 7 12
14 1 0 12 10 13 6 3 8 11 5 4 2 9 7
10 12 1 7 5 8 11 9 14 3 2 6 4 0 13
13 2 1 5 4 8 14 0 11 10 7 12 6 3 9
1 13 10 0 12 11 4 3 7 9 8 5 14 6 2
5 7 10 14 12 11 2 0 9 13 4 6 1 3 8
11 10 9 7 8 1 3 6 2 12 0 14 13 4 5
2 8 0 10 1 13 5 12 3 11 4 7 14 6 9
1 8 5 3 6 13 11 0 4 9 10 12 2 7 14