13 0 10 2 12 8 5 6 4 14 1 11 9 3 7
7 3 0 12 13 14 8 1 10 4 11 2 6 9 5
12 14 10 1 13 5 3 11 6 2 4 7 8 0 9
14 13 1 12 7 0 4 5 3 2 6 8 11 10 9
7 5 1 3 8 12 2 13 0 4 6 10 11 14 9
11 5 4 14 10 3 0 9 7 12 6 2 13 8 1
5 8 12 9 3 2 14 4 1 13 7 0 11 6 10
7 14 5 9 3 1 4 10 12 2 6 13 11 0 8
10 14 6 5 13 12 3 8 0 7 2 9 4 11 1
6 5 4 3 12 14 7 9 1 13 11 8 2 0 10
5 1 0 11 13 6 12 7 2 9 3 4 10 8 14
12 13 0 3 2 5 10 11 4 1 7 14 9 6 8
11 0 9 12 7 2 13 8 5 4 3 1 14 6 10
5 8 13 10 14 7 9 0 12 2 6 4 11 3 1
9 3 10 5 2 6 7 11 4 1 12 13 14 8 0
1 7 2 5 6 9 10 8 14 11 4 12 0 3 13
13 11 5 2 0 6 8 9 10 4 7 1 12 14 3
9 8 1 10 3 2 6 11 0 7 5 12 13 14 4
5 12 3 0 13 10 7 9 6 14 1 4 2 8 11
5 10 11 7 4 6 9 0 8 12 2 3 1 13 14
10 14 3 1 11 13 9 12 6 8 0 5 2 7 4
14 12 8 13 6 9 5 2 7 10 3 1 4 11 0
11 8 7 6 0 9 13 10 12 5 2 14 1 4 3
1 9 12 7 5 8 13 2 3 14 6 0 10 11 4
2 5 13 0 9 3 8 1 12 14 6 4 10 11 7
1 8 7 14 10 3 5 6 4 12 13 11 0 2 9
2 14 3 13 10 5 12 7 1 8 0 11 4 6 9
14 4 3 2 9 0 8 6 7 11 1 13 12 5 10
9 12 5 4 2 3 0 13 8 7 6 10 1 11 14
11 6 7 8 5 14 13 3 10 1 12 0 2 9 4