2 13 9 1 4 0 14 12 6 11 5 7 3 8 10
3 11 14 1 5 0 8 10 2 4 6 9 12 13 7
2 8 6 5 4 7 0 14 11 1 10 12 3 13 9
6 0 8 7 4 9 2 14 12 10 11 1 3 5 13
12 3 5 0 10 11 13 6 7 4 8 2 1 14 9
11 1 3 0 5 8 7 10 4 2 6 9 12 14 13
10 1 11 5 9 4 13 3 7 0 8 6 14 12 2
12 1 4 5 13 9 2 14 7 3 11 8 6 10 0
10 14 11 9 4 0 3 2 6 8 5 13 7 1 12
14 2 3 1 5 9 10 4 11 0 8 7 6 13 12
7 6 12 1 2 11 3 14 4 13 5 0 8 9 10
14 3 13 0 7 12 6 1 11 10 2 8 9 4 5
3 11 13 8 2 1 10 14 4 9 12 5 6 0 7
8 0 13 1 6 14 10 4 5 11 2 9 7 12 3
5 12 4 6 14 8 3 7 13 9 1 10 2 11 0
2 5 12 11 1 4 7 14 0 9 8 6 3 13 10
10 3 1 4 7 5 2 0 14 12 8 6 13 9 11
2 6 13 4 3 8 7 5 14 10 9 12 1 11 0
2 0 6 11 5 12 7 14 13 4 3 1 10 8 9
6 5 2 3 0 7 10 1 14 4 8 13 9 11 12
5 13 2 14 11 0 6 4 1 9 7 10 12 3 8
12 6 0 14 9 10 5 4 7 3 8 13 11 1 2
1 5 10 4 12 3 0 7 8 14 9 13 11 2 6
13 3 8 2 14 6 10 7 9 1 4 0 5 11 12
8 1 3 12 0 2 4 6 14 9 13 11 5 7 10
2 0 7 5 11 8 13 1 14 9 4 10 6 12 3
7 6 9 11 10 13 12 0 5 1 4 3 8 2 14
7 0 14 10 3 2 11 5 12 1 6 4 8 13 9
10 14 5 1 6 4 13 8 2 11 0 9 12 3 7
13 1 2 0 6 12 10 7 9 5 3 11 4 8 14