2 13 1 9 8 12 4 10 11 3 6 7 14 5 0
6 3 0 10 13 7 4 14 11 5 1 8 12 9 2
4 6 12 11 0 7 14 13 5 1 9 8 10 2 3
11 4 14 0 1 9 2 8 5 10 12 3 7 13 6
0 5 11 1 7 4 14 13 2 6 3 9 8 12 10
11 5 3 2 0 1 4 12 7 8 13 14 9 6 10
11 9 6 7 2 14 12 5 1 3 10 13 4 8 0
4 11 8 2 5 6 12 7 13 0 9 1 10 3 14
1 2 12 7 5 13 10 9 4 14 0 8 11 6 3
11 12 8 7 10 3 6 9 2 1 0 13 4 5 14
3 2 14 7 9 6 10 0 11 1 5 8 12 13 4
1 5 13 6 8 10 3 2 12 0 9 4 14 7 11
2 8 13 5 9 0 12 1 6 3 7 11 14 4 10
11 12 9 13 10 4 5 7 8 3 2 0 1 14 6
11 13 12 7 6 5 0 1 3 9 4 8 14 10 2
0 2 1 6 9 3 12 5 13 8 7 4 14 10 11
14 8 1 3 13 4 0 2 10 11 12 6 7 9 5
3 5 10 1 4 6 8 14 7 11 12 9 13 2 0
0 12 1 13 3 4 9 14 11 10 8 5 2 7 6
1 9 13 7 0 10 2 11 14 12 8 6 4 3 5
4 2 3 12 13 10 6 7 9 8 14 11 5 0 1
8 11 3 6 12 2 10 9 7 4 13 14 0 5 1
4 1 6 10 8 3 11 12 2 9 0 5 14 13 7
13 9 5 12 6 8 3 1 7 2 11 14 4 10 0
3 10 14 5 11 7 8 13 1 6 4 9 12 0 2
0 12 6 1 4 9 7 10 14 5 13 11 8 3 2
10 2 0 5 4 9 13 14 12 8 7 3 1 6 11
9 3 8 13 4 6 14 5 2 12 0 10 11 1 7
14 2 6 10 1 5 11 7 0 9 13 4 12 8 3
6 7 12 5 4 9 1 13 2 10 8 14 11 0 3