4 12 9 11 5 14 10 0 2 1 7 6 3 8 13
0 9 14 12 1 4 11 10 6 3 2 7 8 5 13
0 5 3 8 7 14 12 13 9 4 10 2 11 6 1
6 5 3 4 14 8 12 10 7 2 1 9 11 0 13
8 13 10 0 6 2 7 12 11 14 1 5 3 9 4
5 9 13 2 11 0 7 14 4 6 12 10 8 1 3
9 10 7 8 1 4 6 13 14 12 0 3 2 11 5
7 9 11 13 10 1 5 14 8 2 4 6 0 12 3
10 3 2 14 12 13 8 6 11 0 1 9 7 5 4
11 3 10 1 0 14 13 2 5 4 7 6 9 8 12
5 2 9 8 3 4 10 12 1 11 13 7 14 6 0
13 14 1 0 9 2 4 11 3 5 12 6 8 10 7
1 14 12 9 5 11 3 10 13 4 0 2 8 6 7
11 4 13 14 7 6 2 9 1 12 0 5 3 8 10
6 13 0 5 11 9 3 12 2 8 10 4 14 1 7
8 4 7 13 6 14 9 1 12 5 2 3 0 10 11
7 11 2 12 10 1 5 14 3 8 6 0 9 4 13
6 8 9 13 10 3 14 12 7 1 4 0 5 2 11
12 10 7 4 1 11 0 6 3 8 14 5 2 13 9
9 5 12 11 2 7 0 13 14 1 6 8 3 10 4
7 3 13 8 6 11 2 14 4 9 10 1 5 0 12
0 1 2 6 14 5 3 12 10 13 7 4 9 8 11
1 3 6 5 2 8 0 7 10 14 12 11 9 13 4
6 11 9 13 3 0 1 10 12 2 14 4 7 5 8
2 3 0 4 9 1 12 5 10 8 13 14 6 7 11
7 4 9 11 3 5 1 10 14 12 8 2 13 6 0
9 12 7 5 2 10 4 14 8 6 1 0 3 11 13
10 14 11 0 4 13 1 9 7 6 5 12 3 8 2
13 14 5 4 6 1 0 12 11 3 10 2 9 7 8
14 6 8 2 7 5 11 10 4 0 3 13 1 12 9