20 56 69 15  6 75 84 24 64 37 79 95 27 60 35
27 58 56 30 30 57 55 63 32 43 44 74 46 11 41
43 75  8 71 50 56 13 14 99 57 86 28 37 83 70
68 66 27 33 47 73 87 70 21 22 30 10 11 10 17
6 49 11 69 50 50 12 73 84 92  1 84 88 52 46
14  7 11 79 45 22 85 67 64 75 22 35 65 30 68
67 17 58 20 45 55 53 10  3 66 63 36 93 40 85
8 27 68 39 24 67 32 42 54 18 58 75 37 63 16
83 27  3 25 68 63 33 86 12 22 75 16 44 80 48
93 54 81 14 69 66 20  2  6 88  7 73 66 66 81
62 81 36 86 95 92 46 10  6 18 41 70 29 22 15
47 38 59 97 62  9 21 30  8 23 74 48 14 68 55
67 26  3 83 73 19 12 81 15 34 88 54 35 58 69
7 42 32 93 97  4 98 80 90 58 40 15 34 58  3
68  3 39 51 71 77 44 43  6 38 10 81 42 28 65
29 12 64 55 77 20 78 39 88 47 81 41 18  7 40
61 26 24 60 76 57 67 28 61 60  3 20 47 26 90
33 82 36 51 97 19 63 27 35 28 26 13 66 11 26
49 71 99 67 77 20 96  1 88 21 81 84 49 92  7
83 17 92 87 17 61 31  1 67 80  8 16 50  9 69
38 73 86 65 83 25 35 22 81 14 19 42 21 30 83
67 61 96 44 13 38 51 90 84 30 13 60 20 14 82
87 75 24 67 20 96 76 61 44 51 90 40  4 16 51
22 52 35 58  1 62  4 68  8 39 48 76 51 25 37
34 51 27 40 11 96 81 88 90 32 62 52 91 54 96
40  1  3 71 20 52 92 73 17 87 81 35 24 23 93
58 65  1 81 34 48 82 32 23 44 20 80 85 56 90
82 61 68 65 48 88  2 76 37 72 18 11 33 24 65
94 14 17 25 57 81  8 81 59 97 43 34 55 36  2
23 64  7 89 13 96 84 91 20  3 45 50  1 41 57