76  4 98  1 51 92 75 47 35 70 21 20 79 81 63
71 85  3 45 13 57 26 63 38 91 73 59 74 37 65
60 74 35 73 49  1 92  5 41  2 95 28 37 78 86
95 73 23 77 47 24 29 88 69 49 28 66  4 41  3
28 26 71 81 36 96 95 45 10 55 87 65 54 26 60
40 36  5 78 63 96 25 86 85 56 25 30 98 78 41
90 15 89 87 52 59 22 42 46 60 54 87 22 97  1
51 75  2 86 19 88 20 88 24 42 90 20 29 20 50
11 96 92 94 78 63 44  8 68 77 52 74 43 10 87
75 78 27 27 82 91 88 76 37 43 52 71 45 99 70
47  8 99 85 11 16 24 10 10 12 37 39 38 76 91
62 98 68 14 57  2 52 36 58 54 99 57 52 90 58
53  6 65 68 53 66 15 83 80 73 86 57 23 88 37
73 65 54 95 12 69  4  7 12 82  5 22 15  2 38
59 49 29 69 79 57 27 62 57 22 29 42 59 20 86
81 24 55 95  2 94 38 43 15 52 54 66 64 24 29
20 25 70  6  3  5 73 25 58 36 91 22 61 38 33
61 20 21 22 22 69 98 12 30 98 28  8  7 51 66
77  3 11 23 56 30 77 64 52 70  3 97 93 54 15
1 22 99 34 48 15  9 67 85 41 13 48  7 66 55
44 94 33 28 23 31 10 15 50 68  7 50 79 76 89
73  2 76 26 50 93 93 35 64 42 17 26 60 73 57
79 56 22 39 27 38 14 55 64 99 28 97  7 92 71
2  3 33 74 69 58 99 79 84 92 98 41 37 12 12
46 23 48 69 71  9 94 44  1 26 93 54 24 77 44
83 86  6 61 39 72  1  8 17 60 41 16 21 21  6
28 59 62 97 52 58 49 83 11 49 24 56 43 34 23
75 82 75 94 67 15 23 57  4 51 23 40 63 97 20
14 33 16 14 24  1 20 96 75 36 92 74 13 79 48
33 89 89 49 58 32 95 64 11 13 43 98 32 56 62