7 11 34 56 14 33 95 64 12 22 87 32 54  5 55
57 11 33 56  9 71 99 31 52 33 96 46  1 48 55
90 57 80  8 36  7 41 31 31 48 68 19 25 38 88
87 24  1 49 63 27 98 22 35 18  7 55 55 87 29
33 36 75 17  8 55 53 31 95 31 67 80 87  5 58
75 25 76 72 78 22 81 37 27 85 71 16 86 78 14
90 54 98 10 75  4 24 10  7 15 43 90 81 49 88
96 81 92 31  9 65 35 98 85 37 43 96 91  1 36
40 45 94 21 87 68 35 63 37 53 98 94  6 25 72
35 55 26 98 23 65 88 71 35 59 84 31 76 13 89
77 34 60 76 58 63  2 44 91 42 53 45 45 59 99
6 56 47 95 36 63 85 47 60 35 82 90 30 76 94
58  2 69 19 64 27 17 33 48 81 86 28 94 71  3
93 40 95 36 38 47 24 97 11 55  7 68  3 44 47
79 33 65 57 55 78 31 60 79 25 76 96  5  5 38
75 29 77 50 31 50  5 25 70 38 91 71 84 80 76
64 85 96 11 73 41 50 27 40 54 63 74 84 76 58
66 75 54  4 16  6 89 29  3 10 93 53  8 59 22
17 76 84 45 70  5 55  7 26 59  2 18 66 58 99
57 84 50 54 92 34 58 51 34 60 42 66 18 11 59
85 31 29 18 46 29 49 37 42 18 77 67 61 46 91
2 66 75 83 63 62 71 20 42 59  4 67 95 76 80
46 83  7 37 60 76  6 84 82 94 36 79 46 90 94
8 60 99 70 22 91 68 87 11 51 66 19 28 47 66
91  2 39 12 11 17 86 68 88 86 78 75 86  5 79
18 90 91 21 45 31 66 49 95 11 57 31 36 57 88
56 18 45  9  4  2 96 60 45 57  5 49 90 31 97
95 96 41 75 61 65 19 38 78 85 29 65 77 67 84
64 62 52 21 82 27 93 65 32 47 66 39 45 78 26
22 52 36 31 41 92 98 68 57 32 82 39 83 48 85