96 86 75  3 97 88 88 66 16 63 73  3 63 91 33
21 33 38 94 79 36 50 83  4 83  7 26 87 15 90
88 37 94 65 24 86 96 94 81  2 93  5 23 45 11
62 61 37  1 10 21 88 24 61 42 54 92  4 38  9
52 87 37 27 76 69 76 74 86 46 84 48 16 91 28
35 53 46 99 17 78 84 88 60 53 27 33 88 75 13
79 72 25 52 24 98  4 99 17 52 85 48 85 99 72
77 80 44 73 46 60 25 67 18 17  4 73 32 67  6
51 26 29 57 54 16 41  2 15 88 47 10  2 75 16
27  1 88 44 17 20 50 40 40 65 10 50 11 36 81
6 36 67 73 30 97 62 11 80 25 60 42 42 40 55
59 86 89  8  4 16 67 43 74 97  3 12 55  3 29
22 88 39 91 25 23 38 14 72 87 78 42  3 31 83
74 69 59 74 61 83 82 43 42 43 20 51  7  5  7
75 71 45 92  9 48 20 28 25 14 61 39 65 28 49
94 12 33 35 57 33 22 47 87 47 61 42 84 12 58
71 35 70 67 86 42 72 52 73 44 96 42 96  3 94
70 30 48 57 66 95 95 17 64 70  6 99 63 33 27
80 93 15 86 33 65 44 22 86 93 92 88 65 39 14
91 42 14 17 50 16  2 36 47 11 34 29 71 78 55
76 67 35 93 13 58 24 10  6 49 40 61 72 97 17
89 86 45 59 16 52 39 83 11 56 30 60 80 43  4
49 44  3 73 49 63 20 68 40 37 17 66 92 82  5
69 57 34 67 73 60 93  1 43 67 85 80 80 81 98
55 27 50 96 42 76 33 82 82 87 93 42 20 97 15
8 79 24 19 73 82 47 90 97 93 69 47 68 44 54
52 11 98 44 14 38 57 50 40 89  2 73 19 40 96
5 52 45 17 94 44  9 18 37 84 28 78 28 68 64
23 63 57 57 22 71 69 15 19 88 25 83 62 54 68
47 96 11 99 28  8 50 18 97 10 54 50 67 16 79