4 27 90 76 76 16 38 72 80 94 97  5 44  9 23
47 48 69 84 25 34  8 32 62 90  2 92 55 25 37
87 54 76 80 17  1 26 36 12 56 71  6 42 89 96
25 11 69 38 98 50 98 50 19 76  6 95 19 37 34
10 32 94 22 55 58  6 78 36 56 16 22 59 41 63
12 59 95 93 93  7 95 10 23 48 84 64 14 90 69
43  1 27 30 25  3 94 77  6 42 17 76 29 63 59
14 59 27 59 56  6 48 43 27 27 43 32 11  5 25
14 47 21 32 29 40 63 25 49  4 67 27  9 75 15
70 97 52 22 87 87 36 86  2 93  1 16 70 99 43
5 28 77 23 63 69 35 22 90 46 67 63 63 24 79
69 25 65 29 51 88 70 25 58 20 24 38 34 71 66
4  4 34 21 60 55 70 68 80 56 29 97 84 66 50
88 81 50 38 52  7 33 46 59 38 14 66 72 80 97
35 88 98 78 86 13 94 25 50 76 89 41 53 10 99
42 16 44 40 35 71 52 35 98 73 92 44 35 79 17
46 55 74 80 89 61 34 75 39 47 70 84 26 44 82
77 40 43 76 69 42 25 34  8 77 57 56 80 12 89
96 53  3 49 76 37 50 73 98 44 89  2  1 99 89
7 91 32 44  2 66 62 22 23 92 70 31 10 94 89
46 15 23 70 57 67 58 92 66 55 13 33 64 36 21
39 35 90 67 70 94 48 76 93 46 34 58 74 49 80
99 10 90 60  5 17 24 83 37 59 17 99 42 72 36
94 69 47 96 30 29 22 26 99 13 59 66 89  1 24
91 21 42 79  8  9 66  1 59 36 54 52 87 82 33
31 93 68 72 22 85 40 76 48 83 89 83 43 69 67
64 59 63 54 21 79 35 95  7 67 15 89 54 98 26
14 93 87 15 40 20 61  8  8 57 14 90 16 36 59
2 87  8  2 12 35  6 73 82 37 19 81 19 12 60
4  9  7 59 29 39 55 18 70 14 47 75 78 99  9