96 47 40 68 49 91 57 81 87  6 82 47 97 94 75
42 55 82 61 67 79 39 43 62 41 78 36  8 21 91
52 28 48 25  2 98 95  7 68 96 72 50 68 54 37
81 59 46 61 43 71 24 71 30 87 86 10 10 93 94
30 71 65 13 30 22 46 70 88 78 79 57 71 58 36
68 32 32 15 98 95 57 66 43 31 34 60 73 56 40
27 42 24 12 22 57 93 58 67 64 30 16 21 19 33
43 51 53 62 58 38 84 65 87 26 95 61 77 49 49
93 81 55 59 70 68 97 57 48 92 82 89 87 13 54
60 33 66 96 23 36 28 53 78 78 94 72 47 28 87
98 89 27 34 88 15 64  5  4 63 69 82 29 53 69
97 87 50 68 76 74 89 15  5  2 79 59 93 19 86
60 47 13 62 95 67 89 11 29 52 62 31 51 55 39
76 92 85 20 61 14 62 52  5 63 29 85 79 52 51
61 45 93 51 97 46 88 28 57 45 23 91 66 73 41
49 58 32 30 59 57 14 33 14 59 41 59 50 67 53
94 52  7 51  8 99 97 66 98 58 52 43 80 23 18
97 57 72 97 12 70 33 72 14  2 99 30 18 95  2
64 75 63 14 55 10 89 89 24 32 70 79 71 42 14
1 82 27 22 44 97 76 16 27 24 98 25 82 75 15
26  4 18 51 47 27  6 84 72 29 91 76 78 36 93
35 39 89 53 85  7 90 16 70 49 73 13 12 89  9
56 40 51 47 77 65 84 93 54 66  6 36 87 41  7
56  1 57 45  3 14 74 29 65 43 13 42 67 45 78
81 72 99 52 69 39 74 47 29 73  6  5  2  8 25
17 64 97 94 99 68 36 21 22 61 43 93 82 91 86
20 28 98  7 18 37 60 47 62 75 42 52 97 46 98
9 15 85 55  7  6  3 27 11 31 90 81  5 86 30
53 87 93 62 19 12 53 73  4  1 65 35 65 23 40
13 22 34  5 68 81 53 66 96 50 40 70 92 13 43