79 31 42 88 16 99 82 53 29 49  9 15 92 73 98
76 89 48 15 54 37 53 63 44 91 13 73 42 99 41
49 52 25 89  3  2 40 44 94  7 68 73 73 30 14
28 49 13 87 62 10 29 62 34  7 47 40 57 80 86
39 12 34 91 48 71 45 98 23 91 90 41 90 54 87
30 63 57 36 72 54 69  9 53 72 68 33 61 12 89
65 40 34 37 64 62 14 78  1 65  2 67 56 75 26
22 98 67 56 41 89 25 94 76 37  8 84 73 65 74
44 33 41 52 86 11 60 87 13 40 62 47 39 65 77
88 31 63 49 50 77  6 80 20 30 11 41 43 74 73
7 69 69 53 52 33 19 84 12 36 85 74  2 97 52
33  8 74 75 51 64 55  7 81 82 70 33 84 37 48
54 97 79 71 70 84 28 14 20 99  6 30 51 68 41
10 90 14 72 30 77 69 56 78 55 98 91 27 36 86
92 97 71 13 93 65 44 46 71 69 26 18 31 10 47
47  5 14 47 81 84 62 91  5 58 77 55 49  5  5
46 96 61 67  2  9 94 38 66 25 67 57 79 74 47
74 52 50 43 93 30 85 75 58 47 70 42 62 58 81
5 42 63 42 28 40 36 49 65  6 14 20 85 41 70
7 36 54 91 98 31 33 72 21 61  1 30 85 79 32
79 82 49 51 43 16 44 62 20 12  7  1 64 21 37
94 75 56 25 89 72 84 71 74 83  6 69 87 19 68
7 29 15  3 62 53 92  1 27 21 66 92 19 22 48
75 12 46 37 72 35  6 32 50 33 14 34 93 83 11
87 56 70 81 80 58 75 48 55 92  9 16 41 71 63
29 66 18 55 53 81 47 86 33 30 75 73 27 51 67
60 17 18 61 82 72  5 92 75 91 89 35 53 68 85
82 54 96 19 20 67 27 77 59 87 40  7 46 32 84
69 52 26 65 89 51 79 51 27 91 23 59 99 51 70
62 57 30  5 30 13 39 31 16 68 32 83  4 27 27