7 15 11 5 9 16 0 8 1 4 14 18 13 10 3 19 6 2 17 12
15 0 2 5 12 17 10 4 11 1 18 3 9 14 19 8 6 16 7 13
15 11 8 17 3 7 12 13 2 16 4 19 9 14 0 5 1 18 10 6
6 16 1 7 11 5 14 4 17 2 19 3 18 10 9 0 13 15 8 12
13 8 2 0 19 11 9 10 7 1 17 12 6 14 16 4 15 18 5 3
9 5 14 17 12 11 3 0 13 10 18 1 8 7 16 15 19 6 2 4
15 12 4 2 14 5 16 18 11 8 7 10 13 17 0 19 1 6 3 9
10 0 18 1 16 7 8 3 13 6 15 9 19 11 14 12 2 4 5 17
7 14 0 6 12 1 11 19 8 5 3 18 2 10 13 16 4 9 15 17
0 7 5 8 14 1 4 15 12 2 3 9 10 6 18 11 16 19 13 17
6 10 14 7 11 0 19 15 4 9 5 16 8 2 1 3 18 13 17 12
12 4 1 15 19 16 17 11 6 2 13 8 18 3 0 5 14 7 10 9
1 5 10 4 9 2 16 19 7 14 3 11 17 12 13 8 15 18 0 6
18 2 7 17 14 15 4 3 11 19 9 5 12 6 8 1 16 10 0 13
5 15 11 14 12 13 18 9 19 2 16 6 4 3 1 0 7 8 17 10
16 19 0 12 18 15 1 7 14 9 11 13 5 2 4 17 6 8 10 3
10 19 16 7 6 4 15 3 13 11 8 17 18 1 14 2 9 5 0 12
1 3 17 18 5 11 14 9 16 12 19 13 2 4 0 6 8 7 10 15
8 11 15 2 3 10 18 6 5 17 12 19 7 16 9 1 0 4 14 13
10 18 8 13 15 19 4 9 6 16 0 5 2 17 1 12 11 7 14 3
13 12 7 6 15 16 11 2 9 19 18 17 14 5 0 1 4 3 8 10
12 2 1 5 3 14 8 17 10 13 9 11 19 18 7 4 6 0 15 16
18 5 17 1 12 14 7 10 6 19 4 9 0 16 11 15 3 8 13 2
19 15 4 7 8 9 6 0 10 3 18 13 1 17 16 2 11 14 12 5
5 15 16 9 17 1 7 13 6 0 18 11 12 4 10 19 14 3 8 2
17 8 5 0 13 16 2 1 19 18 14 4 3 12 15 7 10 6 9 11
12 14 19 2 5 9 17 7 3 0 18 1 13 16 8 10 11 4 6 15
5 3 10 1 14 11 16 12 0 4 19 17 6 7 13 8 2 18 9 15
3 6 13 18 2 19 5 15 11 1 14 17 10 4 16 8 9 0 7 12
14 11 0 12 17 1 19 7 15 13 18 4 3 2 8 10 9 5 6 16
7 6 19 12 4 0 8 14 9 10 1 15 11 17 5 18 2 3 13 16
6 14 5 0 3 17 12 16 9 2 13 1 8 4 7 11 19 15 18 10
16 8 4 1 13 0 11 17 12 3 15 19 18 14 6 2 9 7 5 10
9 0 16 10 19 3 4 5 12 6 17 1 2 7 11 18 15 14 8 13
9 5 1 8 2 0 11 14 19 4 7 18 10 15 12 17 13 16 6 3
10 11 14 7 13 15 9 5 1 2 4 16 3 19 8 18 0 17 12 6
12 16 9 3 13 18 1 5 10 7 17 2 8 4 11 0 15 6 19 14
0 18 16 9 13 1 10 7 3 5 12 2 6 4 19 15 11 8 17 14
3 11 18 12 15 17 0 19 4 13 16 7 9 2 6 14 10 5 8 1
13 6 16 10 1 9 0 7 18 8 3 11 15 5 2 14 17 12 4 19
3 6 12 15 14 7 10 13 17 16 1 2 4 0 8 18 5 11 9 19
6 2 19 5 12 9 10 11 16 17 13 0 1 18 4 14 8 3 7 15
3 19 18 10 4 5 0 17 9 13 16 1 12 8 7 6 14 15 2 11
8 16 9 7 10 15 3 4 18 17 6 19 2 14 1 5 12 13 0 11
9 4 7 12 6 13 15 17 1 5 11 2 14 3 19 8 0 10 18 16
4 1 7 19 17 0 9 18 16 10 3 12 2 14 6 15 13 11 5 8
15 2 19 14 16 9 1 13 10 18 17 5 0 4 11 7 3 8 12 6
16 14 10 12 13 7 8 9 18 17 5 4 19 11 2 0 6 3 1 15
11 14 0 6 2 9 15 5 12 10 16 3 7 4 19 18 13 17 8 1
13 7 11 0 1 19 9 17 8 12 18 2 14 16 3 4 15 10 6 5