8 19 17 15 1 2 10 7 13 18 5 6 3 4 14 11 16 0 9 12
12 11 3 16 1 2 9 8 18 4 0 19 17 15 5 10 13 14 6 7
8 6 15 14 3 7 19 18 1 11 4 12 17 13 0 2 9 10 16 5
12 9 5 16 0 2 13 18 6 11 1 19 8 14 7 4 15 10 3 17
1 3 13 4 18 5 6 9 7 8 15 0 14 10 12 19 16 17 2 11
16 3 4 14 1 2 10 9 5 0 18 19 8 17 12 15 13 6 7 11
19 4 15 0 12 13 1 7 18 5 9 3 16 8 11 2 6 14 10 17
9 10 8 4 14 5 15 7 18 6 13 19 17 2 16 11 0 12 3 1
9 13 15 7 18 2 11 19 1 8 0 4 3 12 6 16 14 17 10 5
6 11 17 8 16 7 0 14 4 15 2 13 18 1 9 19 10 5 3 12
13 4 7 6 15 11 10 9 3 17 16 5 12 1 8 18 14 0 19 2
3 10 14 0 7 12 9 19 11 5 18 1 13 17 2 6 4 16 15 8
0 10 2 18 14 12 13 1 3 9 17 15 19 4 5 8 16 6 7 11
6 11 9 8 15 17 0 4 14 10 12 2 13 18 5 1 16 19 3 7
1 9 16 17 15 2 5 10 8 14 7 11 13 0 19 3 4 18 12 6
11 17 5 1 12 18 10 9 2 15 16 6 7 8 14 4 0 19 13 3
3 5 13 16 14 11 17 12 7 18 15 8 2 0 9 10 4 6 19 1
16 13 8 17 5 10 18 12 1 4 14 9 6 11 3 7 15 2 0 19
4 14 15 19 17 18 1 9 8 7 6 5 0 3 16 11 10 12 13 2
9 15 13 4 14 8 3 2 5 18 7 16 6 11 10 0 17 12 19 1
18 2 17 16 10 8 12 19 14 1 6 5 0 7 11 3 4 15 13 9
8 17 11 15 3 6 16 13 12 2 19 9 14 4 18 1 7 10 5 0
11 17 10 19 12 18 16 5 15 4 1 13 2 7 0 6 14 9 3 8
18 7 15 9 3 19 16 11 5 13 17 10 12 0 1 14 2 4 6 8
4 17 6 2 18 5 12 7 0 14 11 15 1 19 16 8 3 9 13 10
6 1 15 2 18 11 7 14 10 4 0 3 9 13 12 19 17 8 5 16
15 6 18 17 0 19 1 14 16 9 13 4 5 8 2 12 11 3 7 10
9 17 10 6 3 0 12 18 16 7 14 4 13 1 8 19 11 5 2 15
13 4 17 14 5 11 8 0 9 18 12 16 2 6 15 3 10 1 19 7
2 4 10 12 17 5 7 11 16 15 3 9 0 18 19 6 1 13 8 14
9 2 15 7 11 17 14 6 12 3 19 0 10 1 13 8 16 5 4 18
17 4 19 15 0 3 6 2 12 13 1 8 16 7 5 10 14 18 9 11
13 6 4 12 5 10 11 8 2 18 9 3 14 0 17 1 15 16 19 7
15 2 3 7 13 16 12 14 8 4 5 0 17 10 6 18 9 11 19 1
15 8 10 1 18 11 0 17 4 12 3 19 5 2 14 9 16 7 6 13
4 12 3 18 10 19 17 6 2 1 0 5 7 8 11 14 9 16 13 15
16 17 9 19 7 1 6 8 3 13 15 12 11 2 14 5 18 4 0 10
12 2 0 13 4 16 7 3 18 15 5 9 6 10 11 1 19 14 17 8
15 1 2 16 12 19 0 8 9 5 7 11 18 4 10 3 13 14 6 17
7 0 12 10 1 18 8 5 19 3 11 15 2 16 13 6 17 4 9 14
11 2 10 17 7 4 6 19 16 8 9 0 1 5 12 15 13 18 14 3
15 8 7 5 19 17 18 14 6 16 3 2 10 9 13 12 0 11 4 1
4 3 12 19 7 11 15 0 14 9 10 18 13 5 2 6 8 17 16 1
2 7 4 18 17 1 5 8 13 9 15 3 12 6 11 16 0 19 14 10
13 14 1 2 16 0 11 19 6 7 5 10 15 12 17 9 4 18 3 8
0 16 3 7 2 17 19 4 12 8 5 6 14 9 18 10 13 1 11 15
6 13 12 9 2 19 14 18 4 5 10 7 15 8 3 1 0 11 16 17
8 14 7 10 9 6 0 2 16 12 13 5 19 17 4 15 3 11 18 1
3 10 7 0 1 13 18 17 8 14 16 15 11 19 5 12 4 9 6 2
15 5 18 19 17 9 12 14 1 11 2 7 10 0 4 6 16 8 3 13