4 3 18 17 12 13 14 6 7 11 1 5 16 8 9 15 10 0 19 2
13 5 14 18 1 19 11 6 3 7 2 8 4 10 15 12 17 9 0 16
5 3 18 15 11 19 12 1 6 17 4 13 14 0 9 8 10 7 2 16
13 9 6 0 7 8 1 3 15 10 5 18 2 16 4 19 11 12 17 14
1 11 19 18 0 8 4 7 5 2 6 13 15 16 9 17 10 14 12 3
5 9 6 13 8 17 10 19 18 4 14 11 3 12 2 16 15 1 0 7
8 0 4 15 2 14 18 16 11 17 6 7 5 3 13 9 10 1 19 12
5 13 1 6 17 8 0 7 10 16 15 12 2 19 14 18 11 9 4 3
16 15 18 2 14 0 12 6 3 11 9 17 19 13 5 8 7 1 4 10
18 12 9 5 11 6 19 14 1 4 17 16 3 8 13 15 10 2 7 0
2 3 13 0 9 7 19 17 8 1 14 18 6 16 5 15 12 10 4 11
7 14 16 5 19 8 1 3 11 0 17 15 2 9 18 13 10 12 6 4
10 17 11 9 19 1 15 4 18 14 7 16 12 2 5 0 13 8 6 3
8 2 17 19 10 14 13 16 12 11 6 18 3 9 5 0 4 7 1 15
10 11 7 18 17 14 16 1 9 8 2 12 3 19 15 5 4 0 13 6
5 11 9 18 12 8 2 14 1 15 7 6 16 0 4 10 19 17 3 13
12 7 16 5 6 15 17 0 13 8 19 10 2 4 18 14 9 3 1 11
9 4 17 14 10 0 18 2 13 16 6 19 12 8 3 7 11 1 15 5
5 13 1 14 0 6 19 3 7 10 9 4 11 18 17 2 15 16 8 12
4 0 13 2 1 3 15 12 11 6 9 18 5 8 19 16 17 14 7 10
10 1 15 17 9 6 18 4 19 7 13 5 3 11 0 14 8 12 2 16
10 11 13 7 4 17 3 9 19 14 6 2 15 16 12 18 8 5 1 0
7 4 5 12 9 13 3 17 11 16 8 19 10 14 18 6 15 0 2 1
18 6 19 9 17 10 14 15 16 0 11 5 13 7 2 3 12 1 8 4
6 15 7 14 5 8 2 9 17 11 19 12 10 1 18 16 13 3 0 4
9 4 7 18 5 1 13 10 15 3 2 19 12 11 17 14 0 6 16 8
16 19 13 18 1 3 9 8 12 11 10 0 15 7 2 5 4 6 17 14
7 4 17 12 15 1 3 5 11 14 8 13 19 10 18 6 9 16 2 0
16 8 12 19 18 7 4 13 6 14 17 3 10 1 9 11 0 2 15 5
14 4 12 19 17 9 18 8 5 13 6 2 10 15 1 11 3 0 7 16
15 8 17 9 19 18 10 0 5 7 6 13 12 3 4 11 1 14 16 2
16 9 12 13 6 5 11 18 17 4 10 0 3 15 1 7 8 14 19 2
16 10 7 15 9 3 14 5 1 11 12 18 2 19 4 0 17 6 8 13
10 6 18 14 2 7 17 8 5 1 4 15 12 3 11 13 9 0 19 16
16 3 2 11 7 14 9 15 1 6 10 18 0 19 5 13 8 17 12 4
4 13 3 15 19 10 18 11 14 16 1 2 9 6 5 7 8 12 17 0
4 3 18 2 0 17 14 8 15 13 9 16 1 5 19 11 10 7 12 6
12 14 5 2 3 9 7 11 13 10 4 18 0 15 1 16 8 17 19 6
13 0 11 8 18 17 10 19 16 15 6 1 5 4 14 2 12 9 3 7
3 0 13 8 5 1 7 4 17 11 10 12 2 19 16 9 14 6 15 18
7 19 15 5 3 1 12 11 4 0 8 16 17 2 10 18 9 6 14 13
9 19 8 3 17 10 16 13 11 14 0 15 1 12 7 4 2 6 18 5
19 13 11 6 2 12 7 14 0 15 8 17 16 18 1 3 5 9 10 4
8 10 17 16 18 9 15 1 5 6 2 3 7 0 19 12 11 13 4 14
11 8 10 7 0 15 5 17 19 18 16 2 3 14 6 9 1 13 4 12
11 14 13 1 9 5 7 18 4 2 19 15 0 17 12 6 16 10 3 8
6 15 19 16 5 12 11 4 0 2 3 8 10 7 1 17 14 18 9 13
12 15 14 3 1 2 9 11 16 6 10 17 8 18 4 13 0 5 19 7
6 9 10 11 12 18 0 4 1 2 13 8 16 7 3 14 5 19 15 17
3 2 8 19 15 13 6 4 14 16 10 5 17 7 11 18 1 9 12 0