10 1 2 7 17 4 3 18 0 14 6 19 15 16 13 12 5 11 9 8
11 3 7 18 12 5 13 6 4 14 10 2 1 16 19 0 15 9 8 17
14 19 5 11 16 12 1 8 6 4 2 9 18 10 17 0 13 3 7 15
10 16 15 2 14 1 11 7 5 18 12 0 4 8 17 6 9 3 19 13
19 8 4 14 12 13 2 9 3 0 1 10 17 6 18 11 16 7 5 15
0 9 11 18 3 15 2 17 10 8 13 12 14 4 5 1 6 16 7 19
0 8 12 5 11 16 7 2 15 3 10 18 6 13 14 19 17 1 4 9
10 15 19 17 6 1 14 0 16 7 4 18 13 3 2 12 11 9 8 5
11 6 7 1 17 9 12 18 0 8 4 15 14 5 3 10 19 16 2 13
13 18 8 14 11 16 10 15 0 9 1 4 19 7 3 2 5 12 17 6
18 8 14 2 5 1 6 13 0 17 15 3 16 11 10 19 7 4 9 12
6 18 16 12 0 17 1 11 15 7 4 2 10 8 19 13 14 5 9 3
19 13 18 11 6 3 5 14 16 4 7 15 10 17 12 8 1 9 0 2
1 15 17 14 10 13 4 9 0 18 11 12 16 19 8 2 7 5 6 3
5 15 3 14 0 4 12 1 9 6 8 11 10 17 2 19 7 13 18 16
13 19 18 12 11 14 17 1 2 6 0 15 7 10 3 9 5 8 4 16
16 5 14 7 17 0 3 1 6 2 12 8 9 11 13 19 10 4 18 15
15 1 11 17 19 0 8 18 2 6 14 16 9 5 7 3 12 4 10 13
5 1 17 3 18 10 12 19 7 15 0 2 6 11 9 14 8 13 4 16
12 19 6 13 11 5 14 8 7 2 18 0 4 17 1 15 10 9 16 3
12 13 11 0 10 15 8 7 3 9 5 14 18 1 6 19 17 4 16 2
12 18 13 6 2 14 7 10 3 17 19 15 8 11 1 0 9 4 16 5
9 14 5 17 7 10 16 1 8 6 11 12 2 0 4 19 3 15 18 13
6 19 14 13 11 8 5 4 12 2 9 0 10 16 18 17 7 1 3 15
4 2 11 12 14 8 17 0 9 18 19 3 5 13 16 6 1 10 15 7
8 9 17 2 19 14 13 4 0 11 15 6 5 3 1 16 7 12 18 10
16 12 2 0 1 3 13 4 14 9 5 11 15 8 19 17 18 6 10 7
19 14 2 16 17 5 8 12 6 3 13 10 7 11 9 1 0 15 4 18
17 18 7 1 3 9 6 16 14 12 11 0 5 2 4 8 13 15 19 10
4 9 13 6 5 8 2 16 7 0 12 11 18 17 19 1 3 14 10 15
4 6 9 11 8 10 13 7 5 2 0 3 14 12 19 1 16 17 18 15
6 0 4 12 19 11 2 16 1 17 8 15 18 14 9 7 5 10 3 13
9 14 2 18 15 8 17 0 5 16 11 4 10 13 3 6 7 12 19 1
2 9 7 6 14 17 11 12 18 8 1 10 4 16 13 15 19 5 0 3
7 18 0 10 17 2 12 4 3 19 8 13 1 11 14 6 9 16 15 5
1 16 17 8 9 11 3 2 6 7 18 5 19 15 4 12 14 10 0 13
3 10 14 19 12 11 0 4 8 13 7 9 15 1 16 5 17 6 2 18
15 1 8 5 17 2 11 18 16 19 12 6 3 14 10 9 4 13 7 0
5 2 13 14 15 10 16 8 19 17 1 0 7 4 6 12 11 9 18 3
15 0 7 16 9 19 5 12 2 1 17 13 18 6 3 10 8 11 4 14
15 6 3 2 8 18 5 19 11 9 0 13 16 1 17 10 14 12 4 7
10 12 19 18 8 2 1 0 6 4 5 16 15 14 13 9 7 17 3 11
11 16 17 1 0 9 4 3 6 10 18 14 7 5 8 12 15 2 13 19
4 13 17 6 8 19 12 0 5 16 1 10 7 9 18 2 3 15 14 11
6 18 10 19 2 0 15 11 4 12 8 1 7 14 17 9 5 3 16 13
7 19 0 1 3 13 17 2 8 14 4 16 12 5 9 10 11 6 18 15
2 18 19 0 14 11 13 4 7 5 15 12 17 10 9 3 1 8 16 6
2 12 17 18 16 5 6 8 15 9 19 13 10 7 4 3 11 14 0 1
10 7 16 5 12 0 14 3 1 11 13 18 15 17 9 4 19 8 2 6
14 8 12 11 19 17 3 10 2 9 0 13 16 18 5 7 6 1 15 4