15 2 17 11 3 19 5 14 7 10 18 1 12 9 13 4 6 16 0 8
10 18 14 1 9 6 5 16 11 19 0 4 3 2 15 17 7 13 8 12
16 12 8 3 6 9 18 19 4 10 13 11 5 14 15 1 0 17 2 7
8 12 6 19 4 5 14 2 11 16 18 10 0 17 9 13 1 7 15 3
18 16 17 3 8 14 15 5 1 9 19 13 11 0 2 6 4 12 10 7
7 3 12 16 10 18 6 4 9 19 15 11 0 17 2 5 14 13 8 1
18 19 7 5 10 16 15 6 13 17 1 2 14 12 3 9 4 8 11 0
15 13 8 19 6 11 3 0 18 9 16 1 2 12 7 4 14 10 5 17
1 0 18 6 17 16 5 13 10 15 9 19 4 12 14 2 3 8 7 11
18 2 17 0 5 1 13 9 10 11 7 6 12 14 3 15 8 16 4 19
10 1 5 3 19 2 4 18 15 13 6 12 9 0 7 8 11 14 17 16
11 14 6 2 9 4 0 1 8 7 18 13 19 15 16 17 3 5 12 10
16 0 13 11 2 8 5 9 4 7 15 14 18 10 12 19 3 6 1 17
7 0 13 5 14 9 3 15 4 8 11 12 19 17 16 2 1 6 10 18
3 11 10 6 8 5 17 9 14 12 2 16 18 7 1 15 19 4 13 0
13 14 17 11 16 5 2 3 6 1 18 9 15 12 0 4 19 8 10 7
8 13 10 7 9 12 2 14 6 18 11 1 4 19 17 3 0 16 5 15
7 16 2 6 3 5 1 0 9 13 14 12 18 4 10 11 15 19 17 8
17 7 1 16 18 9 10 11 6 2 15 5 3 19 14 12 4 13 8 0
12 6 16 11 8 14 0 19 1 2 10 3 18 17 7 9 13 5 15 4
13 3 7 1 6 19 16 11 14 17 2 18 4 10 8 15 0 5 9 12
1 12 18 5 19 2 14 17 10 3 9 4 13 11 0 6 15 7 8 16
6 4 8 11 17 13 5 12 1 9 15 10 2 0 19 3 16 18 14 7
4 7 5 19 12 9 15 1 17 6 16 18 14 0 13 3 10 11 2 8
10 2 0 13 4 16 12 1 7 15 5 9 3 6 18 14 17 8 11 19
11 14 7 16 3 10 6 13 4 2 0 15 5 18 1 9 17 8 12 19
4 16 8 3 0 17 5 12 2 7 9 18 14 10 13 19 11 6 1 15
16 5 7 10 8 17 14 0 13 18 15 12 1 6 11 19 2 4 9 3
12 8 7 17 2 4 9 18 1 5 10 13 11 19 0 15 14 16 6 3
15 3 16 19 6 11 8 0 12 5 9 4 18 1 7 13 2 10 17 14
13 9 1 0 8 11 5 10 17 18 16 2 14 19 4 3 7 6 12 15
11 16 4 17 18 6 3 13 12 19 14 15 1 7 0 5 9 10 8 2
1 3 9 0 5 17 8 7 13 11 18 10 16 4 6 2 12 19 15 14
15 0 10 4 2 8 6 12 13 7 18 3 16 11 14 5 19 17 1 9
7 3 13 1 12 2 9 15 8 14 6 10 11 4 0 18 5 16 17 19
18 6 3 9 10 13 12 5 7 19 15 1 8 17 11 4 0 14 2 16
15 13 4 0 2 10 3 8 19 9 17 11 18 6 1 7 5 16 12 14
7 19 18 16 8 12 4 6 0 14 9 2 15 5 3 1 13 10 11 17
17 7 19 16 2 13 18 11 0 1 3 10 15 6 9 4 8 12 14 5
9 18 2 4 1 10 17 5 0 8 3 15 12 6 16 11 19 7 14 13
7 18 1 9 5 13 16 11 19 14 2 15 3 17 8 12 6 4 0 10
5 4 10 16 7 1 2 11 0 13 8 14 6 19 3 18 9 17 15 12
2 13 10 6 1 15 18 7 12 19 11 3 5 16 0 14 8 17 4 9
2 13 17 0 19 7 12 6 10 3 1 18 4 11 16 8 14 5 15 9
7 5 14 16 1 17 15 6 8 12 4 18 2 11 19 10 0 9 13 3
11 16 2 7 19 3 14 4 6 8 5 17 10 15 12 13 9 1 0 18
2 15 4 18 3 12 6 9 19 8 5 0 13 10 7 11 14 16 17 1
18 17 19 1 3 14 13 15 8 0 5 7 10 12 4 11 9 6 2 16
17 4 6 16 15 11 12 8 10 1 2 3 7 13 14 5 0 9 18 19
7 15 6 3 12 9 8 0 2 18 17 11 10 16 5 4 13 14 1 19