2 6 0 18 9 12 5 10 19 16 15 7 3 13 8 1 17 14 4 11
3 0 13 12 2 18 4 11 1 16 17 10 19 5 8 15 6 9 14 7
17 7 15 2 19 0 6 1 18 13 5 11 14 3 16 4 10 12 9 8
3 5 11 15 7 12 8 17 18 6 16 14 9 0 1 19 4 2 13 10
19 17 11 14 0 6 3 1 15 10 7 13 18 2 9 8 5 16 12 4
11 16 1 14 9 7 0 6 17 5 4 8 19 2 12 18 13 10 15 3
18 12 3 19 2 15 1 4 8 9 16 17 14 10 7 5 0 11 13 6
6 19 1 0 16 7 17 10 12 15 14 11 8 4 18 13 2 9 3 5
13 12 19 17 14 15 11 1 7 2 16 10 8 4 6 3 5 9 0 18
7 18 6 13 2 16 0 3 4 15 5 11 9 1 10 19 17 12 14 8
3 8 19 4 7 1 0 14 16 12 13 11 15 10 5 6 2 9 18 17
4 18 3 12 14 13 1 16 10 9 11 15 2 19 8 7 5 0 17 6
17 3 7 5 16 11 6 19 9 0 12 15 10 13 8 14 1 4 2 18
0 13 8 14 2 11 1 16 17 7 12 9 15 5 19 4 18 6 3 10
15 11 3 1 9 13 19 8 12 7 5 14 2 17 6 18 16 10 0 4
7 14 3 6 18 12 19 9 0 1 11 16 15 5 2 4 17 10 8 13
9 15 8 13 7 17 4 2 18 14 11 12 0 5 6 3 16 1 19 10
14 3 18 7 17 5 15 0 9 19 10 4 8 11 13 6 12 1 16 2
12 6 11 17 3 18 4 14 9 1 2 16 13 0 10 5 15 7 19 8
11 5 19 0 13 3 7 16 10 6 9 15 2 4 17 14 1 12 8 18
0 9 15 3 7 1 4 19 13 5 17 14 11 6 2 18 10 12 8 16
2 15 4 17 5 10 16 18 14 3 1 0 19 12 6 11 9 13 7 8
19 15 16 6 11 3 12 18 4 17 14 9 8 0 1 7 5 2 13 10
6 18 4 5 17 16 3 7 9 1 19 12 14 8 10 13 15 11 2 0
8 5 3 12 6 7 13 19 0 10 14 11 16 17 15 2 9 4 18 1
17 12 11 19 9 5 2 6 3 16 14 1 18 10 13 15 4 7 0 8
10 16 1 12 15 6 9 0 11 7 18 19 8 4 5 17 14 13 2 3
17 13 5 11 15 16 10 12 1 14 3 9 19 8 0 6 2 4 18 7
16 13 18 7 3 2 8 17 19 5 6 9 0 4 12 1 15 11 10 14
7 6 12 9 16 0 5 18 13 2 3 10 11 15 1 4 8 17 14 19
13 10 9 16 6 0 18 19 2 3 14 5 4 15 11 12 8 17 7 1
11 17 15 1 4 6 13 3 12 2 7 14 5 8 16 19 10 9 0 18
8 10 0 7 17 2 16 5 3 9 18 11 13 19 15 12 1 4 14 6
19 17 16 3 8 6 9 10 0 5 18 4 15 7 14 12 13 11 2 1
19 14 10 15 12 0 8 17 6 9 16 11 4 7 5 13 3 2 18 1
10 6 3 4 0 11 12 1 8 7 2 17 16 5 15 18 19 14 9 13
15 11 6 12 9 18 7 5 1 0 17 19 10 8 4 3 16 2 13 14
2 11 13 10 12 3 5 1 16 14 8 18 15 6 9 4 17 0 19 7
9 17 8 14 11 0 7 6 1 19 10 12 5 15 3 4 16 18 2 13
11 17 4 18 12 19 9 16 6 8 1 0 15 5 7 3 13 14 2 10
11 6 10 5 7 2 19 9 0 8 14 3 16 13 15 12 18 1 17 4
4 5 14 12 11 8 15 7 2 16 6 19 17 18 9 0 10 1 13 3
17 6 5 8 15 19 12 14 7 11 3 18 2 10 4 16 13 9 1 0
9 6 15 5 14 10 19 2 3 16 0 17 12 13 7 18 1 8 4 11
5 2 12 8 13 11 1 3 0 15 18 16 7 9 6 17 14 19 10 4
16 14 12 7 2 5 3 13 4 10 11 17 15 6 9 0 19 8 18 1
1 14 19 12 7 8 17 10 0 3 6 2 11 13 5 15 16 18 4 9
10 9 3 12 2 8 19 0 15 17 5 16 4 6 11 13 1 14 7 18
15 3 4 10 1 16 18 5 14 8 13 6 11 17 19 12 7 0 9 2
12 6 8 11 17 1 4 15 13 5 2 14 18 16 7 9 10 0 19 3