10 5 2 17 14 19 1 4 8 16 11 3 0 6 7 12 13 18 15 9
5 13 4 3 19 18 16 2 0 10 11 7 1 15 12 14 9 8 17 6
10 15 19 9 16 12 7 17 8 1 18 13 6 5 4 0 14 11 2 3
12 10 8 4 15 18 11 16 6 9 0 1 19 5 3 17 2 14 7 13
5 15 6 7 3 17 9 11 1 18 12 13 4 19 0 10 14 8 2 16
17 9 8 14 10 16 13 12 11 15 2 3 5 0 1 4 6 7 18 19
15 19 18 12 2 3 5 0 14 4 8 1 7 17 10 9 11 13 16 6
6 5 16 4 13 1 9 7 14 11 0 3 2 10 18 15 19 17 8 12
17 1 3 6 0 9 12 19 16 7 8 4 2 13 5 18 15 11 14 10
12 17 5 16 7 1 8 0 19 6 3 14 2 10 15 4 18 13 9 11
2 18 0 19 10 17 1 8 7 16 15 14 5 4 6 13 3 12 11 9
7 2 12 0 16 14 3 15 17 5 19 4 10 8 18 1 13 9 11 6
17 0 12 4 5 1 10 8 11 15 3 16 7 6 19 13 9 14 18 2
9 15 4 3 18 1 16 14 13 5 19 0 8 7 10 12 17 11 2 6
8 5 3 19 1 2 17 13 6 10 12 15 11 0 9 14 4 7 16 18
1 15 8 13 4 12 17 19 6 9 0 2 18 14 11 5 3 16 10 7
14 9 18 6 17 10 19 16 4 5 12 15 0 13 1 11 3 8 7 2
8 17 5 13 9 14 7 18 0 10 1 2 15 16 6 11 3 12 4 19
14 6 8 13 16 0 2 3 9 18 15 10 11 4 5 19 1 7 12 17
14 8 2 7 19 5 16 6 1 13 18 11 0 4 15 12 10 9 3 17
9 5 19 3 11 4 12 2 8 1 13 6 0 18 10 17 14 15 16 7
18 12 0 8 2 1 16 15 13 14 11 4 7 5 9 3 10 17 6 19
19 15 0 7 12 4 3 6 10 17 14 16 8 2 9 13 18 11 1 5
17 9 10 8 11 16 19 12 14 6 1 15 0 7 4 2 3 5 13 18
1 17 5 18 2 7 16 11 15 4 0 10 8 3 12 19 14 13 9 6
0 17 9 15 16 1 6 3 12 10 8 5 13 2 19 7 4 11 14 18
4 12 2 1 17 14 6 15 0 9 5 11 7 18 3 10 16 13 8 19
1 6 13 19 18 11 17 7 10 15 4 3 9 0 16 12 8 2 14 5
2 4 16 12 14 15 9 8 19 10 13 0 1 11 5 6 7 17 3 18
15 4 6 13 14 19 5 1 17 16 12 11 10 18 8 2 0 3 7 9
8 2 15 12 10 3 18 13 9 0 5 7 19 16 17 1 11 4 6 14
19 8 10 16 18 6 14 13 11 9 2 7 3 4 0 1 5 15 17 12
15 9 16 10 18 13 11 14 6 3 1 4 8 19 17 7 0 2 5 12
1 12 17 2 9 10 15 19 4 16 18 11 7 8 13 0 14 5 3 6
6 19 2 17 15 12 14 16 4 7 1 11 5 13 9 0 18 3 8 10
3 0 6 2 12 16 5 8 18 1 13 9 11 14 19 10 17 7 15 4
14 7 3 6 9 8 16 1 15 2 17 13 5 12 19 10 18 11 4 0
18 13 19 2 10 6 4 14 15 9 7 16 1 0 12 5 11 17 8 3
12 1 10 3 0 13 2 18 15 16 9 8 4 7 19 5 11 14 6 17
7 12 2 13 6 4 17 0 15 19 16 3 1 5 14 11 10 18 8 9
2 18 5 12 0 6 19 9 1 15 13 14 3 16 8 17 11 10 4 7
4 2 8 11 3 14 19 10 9 18 6 1 5 13 17 0 15 16 7 12
3 16 14 15 12 19 18 6 7 5 10 2 4 0 11 1 13 17 8 9
14 3 9 16 4 17 6 10 0 18 1 15 5 12 11 2 7 19 13 8
9 12 1 14 15 7 8 2 6 10 18 3 19 11 17 13 4 16 5 0
0 19 12 15 13 7 17 6 5 18 9 2 14 3 16 11 1 8 4 10
14 11 6 8 7 12 5 4 19 18 15 16 2 0 10 13 17 9 3 1
12 11 13 19 9 18 5 6 2 15 14 0 8 1 3 7 16 17 10 4
6 1 9 5 15 11 10 7 0 12 2 8 14 17 13 3 16 18 19 4
2 13 8 10 18 4 6 7 5 11 16 3 17 19 0 14 15 12 1 9