0 1 11 17 10 7 5 13 3 4 19 9 12 14 15 2 16 18 8 6
3 16 5 7 10 11 14 18 13 1 8 9 19 12 0 2 15 4 17 6
6 11 7 2 4 12 14 5 0 13 10 18 19 1 8 15 9 3 16 17
13 6 19 16 2 3 10 9 7 1 0 14 12 5 18 4 8 17 15 11
8 0 13 7 10 4 16 6 1 17 15 3 2 9 19 18 5 11 14 12
7 12 0 17 3 15 4 13 14 6 16 19 10 1 18 9 11 5 8 2
15 7 1 0 18 5 19 10 12 6 17 14 3 11 13 4 16 2 9 8
19 2 16 14 5 6 15 9 17 11 10 3 12 4 0 1 7 13 8 18
13 15 12 19 4 0 3 18 10 1 17 14 5 7 6 11 8 2 16 9
5 0 6 10 1 3 2 11 18 7 4 17 9 15 16 8 13 12 19 14
4 11 9 3 1 2 5 16 10 8 7 13 18 15 17 14 6 12 0 19
11 13 1 10 0 12 3 15 5 9 19 17 4 8 14 16 6 7 18 2
7 19 14 3 16 4 11 17 5 15 10 9 0 18 6 12 1 2 13 8
9 8 10 2 7 12 5 4 17 14 3 16 18 1 15 6 19 13 11 0
14 0 1 8 2 6 3 12 9 16 4 19 5 15 13 18 11 10 7 17
16 9 19 12 6 0 17 2 13 4 7 18 5 11 8 1 3 14 15 10
15 10 11 18 14 17 5 19 12 6 16 1 7 8 3 2 4 13 9 0
6 9 18 16 12 1 2 7 19 11 4 0 3 5 10 14 17 8 15 13
18 7 12 17 19 11 5 15 3 8 0 6 16 13 1 2 9 4 10 14
13 15 12 14 5 18 11 6 3 8 2 17 4 16 0 7 10 1 9 19
17 4 2 7 1 5 15 18 0 11 10 6 19 8 14 13 9 3 12 16
8 13 1 9 2 10 14 0 3 12 16 18 5 17 7 4 19 11 6 15
16 5 11 12 17 18 8 19 3 10 13 1 4 2 9 15 6 7 0 14
13 1 11 0 16 3 7 5 14 17 19 18 10 4 6 15 9 2 12 8
19 2 14 7 3 17 6 10 15 9 0 16 1 5 18 4 13 11 12 8
11 9 5 18 16 1 2 17 8 12 10 19 15 14 3 7 0 6 13 4
13 15 11 14 12 18 1 4 9 10 16 17 3 19 7 6 0 2 5 8
7 17 16 6 14 19 18 1 2 8 5 4 10 11 9 3 15 12 0 13
18 15 16 9 6 8 17 19 1 0 11 7 14 3 12 10 4 13 5 2
9 12 4 8 6 3 11 14 7 15 1 2 10 13 17 19 16 5 18 0
15 1 17 11 7 3 18 19 4 10 13 2 5 8 6 0 12 16 14 9
14 19 17 9 18 11 1 4 16 8 5 7 0 10 2 3 13 6 15 12
9 17 12 3 11 2 15 10 0 16 14 1 5 8 19 7 4 6 13 18
5 16 2 0 8 12 11 19 15 4 6 14 7 18 17 9 1 10 13 3
14 15 3 7 11 0 12 6 1 8 13 19 2 4 5 18 17 9 10 16
13 17 18 14 10 15 5 16 1 3 9 7 11 12 0 2 4 6 19 8
17 2 19 15 18 5 9 16 13 0 1 7 3 14 12 10 6 4 8 11
11 4 5 12 3 2 6 16 0 10 1 15 19 18 8 13 7 17 9 14
19 6 4 17 2 18 3 13 12 15 14 7 10 8 9 5 11 16 1 0
8 16 15 12 18 17 4 0 11 19 14 6 5 1 13 3 9 10 7 2
10 17 13 11 6 2 9 12 15 0 7 5 14 16 18 19 1 3 8 4
0 3 14 1 9 18 5 11 8 7 6 15 16 12 17 10 19 13 2 4
8 14 16 4 11 18 12 19 2 5 9 15 7 0 6 13 17 1 10 3
6 15 7 16 14 9 3 18 11 17 0 2 1 19 10 13 5 4 12 8
9 10 11 6 4 3 12 13 5 0 18 19 14 17 2 7 16 15 8 1
5 7 17 18 8 1 12 16 19 4 10 3 0 9 15 14 2 11 13 6
13 15 10 18 14 9 7 19 5 3 16 4 17 12 8 1 2 0 11 6
7 16 5 2 9 8 15 3 19 18 13 12 4 14 17 11 0 6 1 10
12 9 6 16 3 8 15 0 11 5 10 18 17 19 13 7 14 4 2 1
15 8 5 9 13 1 6 14 18 12 3 19 16 2 17 7 0 10 11 4