9 6 3 2 7 1 15 17 0 18 4 11 5 13 19 10 8 16 12 14
2 6 13 14 8 18 7 11 9 19 1 15 17 5 12 16 0 4 10 3
10 11 4 19 9 12 18 17 2 16 7 3 13 6 15 5 14 0 1 8
9 0 13 2 3 7 4 6 16 10 17 15 8 12 19 18 5 1 11 14
11 9 5 6 10 19 17 1 15 16 14 4 2 0 12 18 7 13 3 8
4 8 9 3 15 19 12 17 0 13 6 10 5 14 11 2 18 7 16 1
4 2 10 19 1 16 15 8 0 5 7 18 9 17 12 14 3 13 11 6
10 9 2 7 5 11 3 18 12 13 8 4 19 16 15 6 14 1 17 0
16 4 14 18 6 19 11 15 8 17 12 0 1 9 2 10 3 7 5 13
12 6 2 11 3 5 15 7 10 1 18 8 0 19 4 17 16 9 14 13
5 18 12 10 17 14 6 7 8 16 3 1 13 4 9 11 19 0 2 15
16 14 3 2 7 10 1 13 11 19 0 9 4 5 6 18 17 8 12 15
6 0 9 5 14 18 3 8 11 2 4 16 12 19 13 15 17 7 1 10
1 10 14 7 0 6 5 18 12 2 13 15 16 11 9 17 4 19 3 8
8 3 19 13 18 5 16 6 11 7 10 2 0 12 17 14 15 4 1 9
9 6 4 0 18 14 2 19 3 5 17 7 13 1 16 11 8 12 10 15
15 10 4 11 0 16 5 7 2 18 13 19 1 3 12 14 6 9 8 17
11 6 1 9 15 0 16 10 8 3 13 5 7 17 18 12 2 4 19 14
17 16 0 14 6 13 18 7 4 19 1 3 8 15 12 11 2 9 5 10
5 3 18 0 7 2 11 6 8 4 1 14 16 9 12 15 10 17 19 13
19 13 12 2 11 18 17 15 6 16 10 9 7 1 3 4 14 8 0 5
14 6 7 1 13 11 2 3 12 4 0 8 16 17 5 10 19 18 9 15
15 12 5 9 1 13 14 7 4 6 11 0 3 16 17 19 10 2 8 18
14 3 0 18 19 8 4 9 13 11 12 10 6 1 7 15 17 2 16 5
18 16 10 1 4 2 19 9 8 12 0 5 13 6 17 7 3 11 15 14
5 17 10 4 0 9 18 8 11 3 16 15 19 7 14 12 13 1 6 2
9 18 19 4 0 8 17 12 13 10 16 14 1 6 2 11 3 7 15 5
16 0 12 8 1 13 10 3 19 6 9 18 4 2 7 15 5 17 14 11
4 12 14 7 18 17 0 6 1 9 8 11 19 3 10 13 2 16 5 15
4 3 8 1 17 9 14 11 5 15 10 16 18 13 2 0 6 19 7 12
6 7 11 12 5 19 9 18 10 1 8 17 3 0 13 14 4 2 16 15
18 15 17 12 16 19 10 8 14 9 3 1 6 11 2 0 7 5 13 4
3 16 19 13 11 9 12 4 5 15 2 10 14 8 0 17 6 7 1 18
5 2 13 17 16 12 11 8 9 1 3 10 15 19 14 18 7 6 4 0
2 14 7 0 11 18 6 10 16 4 9 19 12 1 15 13 8 3 17 5
9 18 17 11 15 16 6 19 1 2 10 5 14 12 13 4 3 8 7 0
4 14 18 7 6 13 5 9 0 3 11 12 2 17 1 10 15 19 16 8
5 8 17 9 10 16 13 7 2 6 18 19 15 0 14 4 12 11 1 3
18 8 9 3 16 10 11 4 17 0 12 1 6 15 7 19 2 14 13 5
1 11 15 7 16 4 3 0 13 10 6 9 14 5 2 8 17 12 19 18
11 6 13 9 7 0 15 16 8 4 12 5 14 10 1 2 18 17 3 19
13 15 3 18 14 1 11 16 8 7 9 0 4 6 12 17 2 10 19 5
12 3 9 5 13 19 4 17 18 6 14 11 1 8 7 16 15 2 0 10
5 4 17 9 3 16 10 2 0 13 14 11 12 6 1 7 18 15 8 19
8 18 16 19 4 10 13 3 14 15 2 5 6 17 1 11 9 0 7 12
14 1 5 17 15 6 12 10 3 7 9 18 11 4 13 8 16 0 19 2
15 10 9 3 2 8 12 19 17 0 13 4 16 6 1 5 14 7 18 11
10 1 3 7 14 0 5 11 15 12 4 17 16 6 13 9 19 8 18 2
12 17 18 2 11 9 10 0 15 5 19 7 8 16 6 13 3 1 14 4
0 7 9 18 19 14 6 8 1 4 17 12 10 13 16 2 5 11 3 15