20 22 38 33 24 72 75 61  2 17 67 50 65 77 65 35 68 76 98 81
73 86 26 42 50 13 92 15 77 74 48 54 46 60 83 78  1 91 33 60
67 63 54 65 29 51 74 16 11 97 87 66  4 10 52 85 60 64 40 49
31 73  2  4 87 81 90 92 27 51  4 42 21 77 71  5 77 81 39 32
18 13 89 45 59 90 86 71  5 54 42 60 32 16 86 70  7 16 81  4
59 55  3 43 26 19 57 75 35 40 17  3 96 82 26 23 97 23 65 28
83 81 19 54 86 94 49 38 38 33 93 63 51 45 68  4 29 53 85 21
46  8  5 29 32 34  3 10 45 70 77  1 62 79 50  2 18 89 86 21
17 47  7 20  9 92 23 76 71 20 21 72 71 92 92 17  9 38 23 34
6 74 29 99 80 27 43 36 31 63 34 26 98 47 69  5 55 22 15 19
77 12 96 84 22 16 59 94 69 68 81 13 45 61 27 26 12 86 82 85
27 81  2 29 61  2 40 78 65 68 39 68 39 63 59 79 96 11 76 48
95 62 10 68 42 61 73 51 81 75 37 96 65 45 44 43 19 44 94 56
23 70 24  4 86 90 86 83 75 46 92 94 23 29  6  3 33 12 51 15
7 55 26 30 79 58 86 70 68 98 26 32 98 35 37 13 85 85 14 34
21 68  1 76 44  4 48 39 73 81 50 97 41 79 10 73 36 28 64 31
76 55 41 46 80 99 99 59 14 86 69 24 54 34 32 98 74 67 24 56
14 32 77 81 35 38 38 38 61 87 70 79 25 46 88 18 76 98 75 23
61 92  6 58 26 26 36 89  9 35 54  5 72 91  4 61 75 42 85 45
46 89 49 86 14 62 53 59 27 86 10 87 99  4 84 62 74 30 68 86
1  3 84 78 42 73 98 91 70 53 57 36 76  4 76 22 70 67  6 16
80 91 24 36 44 81 78 65  2 91 62 41 40 96 64  5 81 71 31 71
3 68 55 13 83 13 12 98 86 10 70 59 89 74 83 30 56 99 68 67
35 74 59 17 56 64 67 77 84 10 35 79 12 91 36 84  1 41 98 81
32 10 39 58 24 56 83 77 78 99 95 67 81 15  5 35 10 24 97 44
55 41 99 27 94 12 33  3 71  5 88 25 66 80 39 90 79 56 60  5
69 41 25 82 32 70 38 22 95 98  6 64 52 46 71 41 40 35 22 33
14 38 32 38 64 67 13 74 74 67 39 53 55 15 93 37  7 53 54 39
84 77  6 45 91 77 12 96 24 90 54 52 49 97 80 84 44 37 79  5
69 28 32 68 59 23 86 54 41 80 57 45 19 38 89 21  5 64 65 16
57 47  1 79  9 66 84 21 35 97 83 45 18 21 19 37 93 83 46 54
46 12 44 75 32 15 49  4 29 76 65 39 73 54 63 78 18 91  3 93
98  7 47 56 37  3 17 94  9 19 91 58  8 32 60  5 64  3 56 98
93 63 40 88 20 11 16 55 61 81 17 16 45 46 85 89  1 22 59 55
76 86 83 26  4 61 72 81 44 48 17 72 14 46 46 80 74 11 57  2
13 49 76 41  3 13 95 98 29 48 60 67 28 64 36 47 78 83 32 88
58 74 41 75 45 19 51 39 94 41 62 75 36  5 80 47 36 23  6  3
92 64  1 65  2 87 45 73 30 67 68 33 35 65 50 93 36 18 39 54
40 11  8 29 26 65 26 17 52 24 87 67 88 83 36 30 97 19 97 68
64 61 59 65 93 80 83  5 50 42 49 69 86 14 84 41 31 67 88 20
45 22  2 83 61 55 85 72 37 56 73 65 19 42 51 88  2  1  1 30
74 28 87 91 68 27 42 99  7 23 27 16 86 61 28 62 87 72 93 67
77 20 53 52 14 57  2 78 63 12 10  1 59  1 67 53 76 17 80 12
74 86 78 55 75 37 36 49 50 93 52 77 83 29 84 60 92 61 31  3
76 26 38 61 67 60 40  7 20  7 97 76 18 83 39 64 43 39 79 79
61 73 91 42 70 73 34 81 19 64 54 96 89  3 55 94 93 24 10 99
73 10  6 67 22 50  4 29 34 15 46 32 66 28 67 63 60 39 65 19
94 77 36 97 38  8 71 83 43 86 33 94 30 33 89 37  1 35 94 32
24 67 61 41 18  4 91 73 33 96 59 63 40  5 10 45 27 53 24 81
31 99 14 64 89 43 93 32 32 26 22 33 89 41 40 87 26 98 53 98