75 50  4 34 36 69 52 44 42 12 50 12 71 89 31 14 13 53 43 43
27 18 70 84  8 62 91 24 94 98 78 90  1 24 96 61 90 67  7 72
56 84 95 32  8 43 37 25 10 85 78 76 94 60 37 68 11 66 66 83
65 95 66  4 34 55 35 32 78 52 10 58  9 73 18 52 57 59 27 89
31 81 45 21 74  7 43 35 23 63 12 92 78  9 30 22 19 70  4 17
53 51 35 11 55 18 89 91 16 82 84  4  2 95 17 92 81 22  7 58
92 47 10 47  4 75 41 51  2 73 52 38 44 23 31 90 90 81 75 84
31 20 32 54 10 96  6 81 73 75 95 81 31 81 90 33 64 96 21  1
67 61 18 81 77 35 12 28 82 10 71 94 51 54 25 37 34  2 71 60
29 78 33 54 20 75 88 35 70 35 53 36 82 26 24 28 10 98 86  2
30  2 96 66  3 81  4 53 12 36 61 78 25 75 44 12 81 23 41 87
98 47 85 90 74 94 24 18  8 90 55 67 52  3 28 29 73 96 57 55
18 72 88 58  5 81 93 95 36 51 53 61 72 63 36 48 96 92 21 61
55 45 91 24 77 71 12 91 68 55 88 76 89 14 92 64 66 13 48 57
92 18 56 69 86 23 33 86 52 71 97  9 16 38 69 34 43  1 71 84
59 50 11 21 47 52 78 72 86 28 81  5 29 36  7 68 28 97 49 93
34 20 32 90 59 53 92  1  8 10 10 25  8 53 25 79 85 28 10 33
37 51 79  6 28 40 19 60 14 12 31 25 15 84 83 85 87 34 42 92
24  3 12 39  5 28 51 68 36  6 12 54 61 11 99 39 53  3 33 48
38 81 84 12 36 96 67 46 90 78 22 83 85 97 50 78 91 83 49 31
10 42 29  1 88  7 11 41 51 40 90 20 42 40 25 31  8 86 84 25
12 70 93 77 18 13 70 35 97 50 32 88 98 37 82 53 21 93 60 93
14 85 21 25 72 38 43 68 38 18 35 49 99 48 87 11 16 96 36 84
6 23 97 72 32 77 35 62 15 72 48 34 51 24 71 18  5 37 56 13
10 38 81 77 83 40 43 64 91  1 48 80 15 21 27 16 60 45 65 88
20  4 79 87 27 84 20 46 91  9 24 98 28  2 76 22 88 67 32 37
23  7 62 49 98 61 59 38 13  5 75 74 65 66 60 14 79 45 47 51
23 45 96 35 37 34 29 12 89 69 74 52 98 17 86 76 96 66 86 37
74 99  9  9 74 83  3 96 44 23  3 18  3 45 38 24 91 36 22 15
34 23 68 11 53 77 71 65 77 48 43 45 83  7 93 65 83  8  5 74
40 15 30 90 62 15 13  3 49 90 55 65 85 87 24 61 50 48 77 21
42 91 70  8 45 24 63 86 16 68 57 18 60 81  3 17 68 97 42 54
87 95 25 61  9 30 84 21 88 83 72 86 20 73 39 71 52 37 72 40
46 45 87 44 27 44 19 51 83  2 21 13 50 17 95 83 33 29 92 62
22 73 35  4 22 99 99 65 54 72 59 98 44 19 23 95 87 69 68 57
20 79 95  6 38 36 37 21 62 48 78 18 70 78  1 21 85 39 34 98
56 60 33 80 68 60 41 82 17 89 59 71 49 75 45 22 60 83 71 22
72 72 11 15 72 65 56 77 68 17 59 17 68 69 71 60 39 42 78 62
12 27 16 23 12 74 72 48 35 53  9 80 68 15 62 23 14 89 12 67
74 53 76 97 71 81 28 70 67 26 97 11 77 56 62 41 50 40 35 79
75  3 32 10 93  2 63  4  4 18 85 28 55 80 59 74 51 74 20 46
32 77 49 76  6 93 57 11 69 35 59 20 22 13 35 99 95 99 74 96
55 38 80 25 73 56 87 16  2 80 43 50 68 12 19 25 17 52 31 31
53 69 57 98 48 26 30 20 74 47 99 78 97 94 80 74 42  2 46 32
54 14 96 39  1 98 43 57 29 76 36 58 93 17 38 81 74 20 39 98
80 94 69 69 54 30 86 80  6 72 65 45 89 67  6 28 76 28 29 28
1 74  8 96 20  7 26 25 18 84 29 92 18 38 93  8 32 67 81 17
36 41 72 31 28 52 14 59 97 71 92 50  4 96  6 99  1 70 58 92
24 81 84 57 59 94 31 98 37 64 69 56 71 23 30 97 86 29 16 75
33 81 58 81  2 25 17  1 72 33 18 22 44 28 69 92 90 43 53 76