8 41  4 52 47 67 65 18 73 10 70 66 64 53 34 28 74 40  8 30
37 91 97  6 48 90 32 12 93 15 33  5  2 11 96 16 82 49 48 81
11 70  4 92 18 41 77  5 49 94 32 67  2 16 21 69 89 32  6 33
87  3 82 44 16 54  9 49 28 70 85 34 53 37 59 66 41 96 84 54
1 31 73 35 81 84 34 53 73 30 63 76 62 14 30 31 89 28 92  3
64 46 81 38 46 69 10 27 36 94 53 31 15 59 31  6  1 28 43 92
27 78 10 19 89 91 42 13 75  2 36 14 59 14  9 34  3 85 44 94
8 90 38 23 69 34 13 62 38 74 67 45 62 32 86 59 84 66 37 52
45 30 23  7 92 72 34 63 68 36 75 10 27 89 31 88 46 36 71 23
72 36  5 98 38 99 92 92 63 20 42 77 71  3 80 95 84 32 32 66
63 15 66 16 51 26 24 78 54 66 51 30 37 72 77 11 33 30 36 24
78 75 35 10 81  1 28 58 80 61 52 74 17 11 64 69 27 92 79 89
25 19 53 36 53 27  8 23 86 31  2 95 53 29 35 28  1 71 57 56
11 56 64 45 96 94 48 79 48 58 32 58 13 95 39 21 18 83 45 69
88 25  9 83 12 79 41 89 93 46 24 41 59 56 19 12 34 80 81 51
22 49 73 59 48 76 78 69 66 27 73 46 42 53 62 39 15  4 76 53
96 91 71 60 60 60 44 18 82 90 77 93 24  6 77 56 82 15 85 41
4  8 10  4 23 17 33 50 24 12 29 65 43 68 66 82 22 89 58 25
4 14 62 43 49 18 91 83 53 35 79 62 42 17 62 39 76 43  9 39
1 98 77 28  3  8 43 53  4 80 81 98 61 91 32 65 52 29 49  1
40 89 65 30 23 47 97 28  3  5  4 85 34 24 87 63 54 54 27 95
50 24 37 99 14 99 25 64 73 64 24 86 10 76 56 81 62 49 19 78
73 76 31  4 10 24 67 57 25 72 30 31 79 13 41 85 79 61 45  3
72 49 50 95 81 80 50 41 48 68 15 29 68 83 72 25 56 19 80 60
68 30 38 23  5 65  1 18 61 51 44 64 98 99 64 87 90 66 99  7
94 60 19 40 46  7  7 86 32  3 25 89 59 69 89 65  9 77 35 42
93 83 79 36 15 44 45 11 47  2 84 51 26 62 54 71 86 64 61 38
88 37 37 36 59 14 89 93  6 47 44  1 82 84 50 21  4 20 98 37
65  4 98 29 22  1 70 89 73  5 15 33 23 63 20 28 31 62 90 53
5 51 90 91 24 98 31 90  3 56  5 41 75 57 49 75  1 66 65 58
85 43 95 42 50 32 37  8 68 82 78 11 45 32 66 41 53 91 65 88
87 16 43 86 67 82 70 65 56 53 22 17 94 61 69 73 33 69 36 64
85  6 31 23 33  4 69 61 50 27 25 10 26 26 42  9 72 30 91 83
44 77 51 49 37 20 69 95 84 43 86 86 57 29 70 94 38 39 61 60
37 22 56 88 95 19 92 64 25 69 37  9 82 67 90 52 64 25 62 39
68 36 85 37 66 31 35 97 76 22 45 80 90 48  5 56 50 66 54 53
86 21 36 42 67 38 28 58 41  1 67 45 25 18 12 71 49 28 21 52
93 97 35 71 62 49 81 60 64 50 33 39  7 44 53 20 96 49 23 70
15 22 40 12 19  5 32 85 48 46 97  4 97 95 90  2 69 95 68 18
52 57 67 67 91 82 86 29  8 35 65 13 92 28 77 99 30 16 31 35
85 24 60 60 89 99 88 15 45 60 38 44 38  4 95 27 27 15 76 53
15 64 29 72 98 73 28 25 35 57 26 38 42 19 75  2 86 46 84  5
57  4 83 13 80 45  6 46 63 94 54 69 69 43 62  6 15 35 62 44
57 67 80 80 61 84 90 63 26 98 94 92 84 16 24 67 47 35 79 99
63 45 49 38 32 87 41 33 18 40 50 84 36 99 77 16 52 20 60 66
1 24 37 54 39 50 38 79 88 35 58 77 43 98 52 73 45 45 84 80
26  9 92 70 87 33 14 83 34 98  5 99 93 94 43 36 26 11 28 16
19 58 30 72 39 27 18 44 20 87 82 51 78 20 19 36 42 75 85 95
41 46 81 17 25 80 41 29 99 14 28 25 58 24 59 45 17 53 16 86
30  3 28 92 87 28 30 69 20 94 97 91  5 16 88 47 66 67 15 29