62  3 77 45 42 77 42 78 20 81 39 91 13 53 30 95 82 70 37 55
56 90 21 43 12 94 81 58 20 83 41 84 16  6 64 63 16 12 93 39
95 15 51 53 67 53 26 40 13 39 59 90 45 36 33 76 13 72 42 56
51 82 63 66 21 66 72 35 74 60 92 28 89 58 38 14 89 17 88 14
25 38 10 71 80 41 76 92 86 33 42 90 18 17 91 24 96 82 77 83
48 21 71 94 64 67 21  2 58 38 12 11 63 27 92 64  9 50 55 15
33 99 49 66 77 88 42  8 64  2 86 72 26 86 51  1 40 33 74  6
45 83 54 19 70 16 74 27 84 13  6 97 47 87 31 34 37 76 31 37
62 96  7 84 70 31 35 37 99 64 53 39 67 20 15 53 83 25 65 78
96 24 88 61 10 77 46 49 91 41 37 69 37 85 14 34 83 30 37  4
29 44 55 51 49 43  1 32 99 49 84 53 57 40 10 58 78 27 34 32
5 97 37 63 66 40 95 51  8 35 63 17 88 15 33 11 10 84 55 28
20  7 23 24 11 38 56 73 22 29 12 86  1 23  6 45 70 25  1 79
58 62 55 79 55 27 77 13 53 31 11 81  7 94 11 84  5 67 19 24
74 26 90 73 28 16 30 69 43 48 67 91  3  1 93 52 41 31 54 57
58  1 92 83 99 64  7 22 29 48 70 69 60 51 59 19 25 67 67 71
5 46 19 67 41  8 51 11 67 68 46 16 18 12 11 11 67  2  5 99
47 35 57 69 99 16 91 36 14 58 10 91 64 44 79 66 31 10 56  7
45  3 57 44 34 27 74 88 32  4 98 25  7 73 46 14 66 87 55  6
66 28  4 69 44 58 86 64 16 19  9 25 26 64 45 10 95 99 46 79
30  9 37 85 69 22 23 97 50 36 12 10 43  1 33  7 15 45 28  3
44 59 92 31 69 53 63 94 74 53 67 24  9 31 84 50 19 78  3 39
46 11 59 27 79 86 51 47 22 16 24 80  5 57 79 42 46 99 49 54
18 37 18 76 30 88 69 19 29 41 58  8 37 17 23 94 92  1 79 34
29 85 91 43 65  6 69  4 94 72 76 83 21 45 10 84 50 74 39 55
67 76 91 69 13 72 98 16 79 38 76 70 30 85 93 39  3 39 88 87
90 78 61 61 34  4 52 59 20 29  6 60 93 95 55 12 92 22  2 91
63 85 76 72 40 42  4 66 63 81  8 61 33 98 94 98 35 90 59 27
95  5 91  1 52 87 56 83 54 15 55 10 20 73 59 30 14  6 48 28
3 93 12 66 19 85 66 96 74 73 21 62 91 97 61 62 95 13 33 62
54 68 44  4 62 86 85 42 55 69 67 71 79 66  1 12 66 94 41 43
23 25 21 15 64  6 96 68 58 75 66 57 85 56 24 34 64  1 82 71
42 97 65 51  1 16 74 54 87 38 48 54 44 51 48 74 82 59 46 60
60 50 86  7 10 12 50 67 65 41 47 59 43  1 97 67 81 34 27 39
7 52 81 58  4 53 86 32 54 38 71 43 58 56 63 73 54 56 34 35
99 31 90 67 73 74 69 29 92 86 90 72  5 21 11  3  3 29 27 39
75 71 89 31 39 70  5 60 13 32 22  1 56 53 84 47 91 85 14 10
56 94 47 81 21 84 98  5 76  6 62 40 58 18 97 89 18 48 44 48
45 55 13 15 96 19 18  5 62 76 61 14 22 23  3 80 92 86 87 23
10 70  5 38 42 64 99 28 30 82 92 64 36 56 11 78  2 18 32 54
88 82 27 53 42 53  6 80 55 95 83 66 11 69 89 79 50  7 31 46
30  6 64 33 41 35 92 65 54 68 52 13  6 36 75 59 41 97 24 77
70 46 32 34 67 10 32 32  5  4 41 13 24 13 14 85 36 18  1 23
43 33 16 91 87  5 74 43 81 23 54 83  5 68 45 85  7 44 90 97
64 98 47 16 76 50 61 62 88 37 89 18 38 10  1 36 10 41 52 55
78 89 76 50 89 68 48  1 77 99 46 50 81 18 60 65 37  8 47 31
56 65 15 13 40 46 74 34  1 56  2 96 12 17 20 19 46 97 75 73
11 86 80  8 72 15  8 77 24 78 53 29 13 66 64 58 19 18 45  5
97 73 13 34  5 84 60 22 40  3  8 64 23 66  3 35 61  7 32 44
33 16 52 72 54 67 71 41 55 32 41 27 54 72  1 14  5 13 85 20