35 73 56 28 81 82  5 48 36 37  9  8  9 20 78 77 31 44  9 40
41 26 27 31 62 20 17 55 57 21 61 63 17 14 59 91 54 64 21 47
4 92 75 21 21 98 32 41 29 42 71 90 69 87 71 18 41 78 60 85
72 21  8 55 86 17 98 71 18 86 84 88 97 75 70 67 36 11 97 55
88 15 29 51 82 66 26 70  7 87 81 76 44 27 88 34 70 62 44 67
26 24 87 48 55 68 54 83 17 50 87 18 83 32 71 72 95 39 37 21
80 31 20 51 32 21 12 79  1 93 80 60 17 78 87 64 47 66 64 47
59 10 80 46 62 40 68 26 54 50 61 77 40 94 36 67 59 55 15 71
36 72 53 91 65 98 60 60 62 52 39 13 44 69  3 97 65 16 57 65
8 99 34 43 38 49 86 91 14 87 45 12 45 14 58 27 68  5 47 61
79 51 41 51 41 44 50 17 26  2 16 25 38 17 89 83 59 45 37 23
97 90 92  3  2  9 70 15 38 48 12 10  9 76 27  8 44 81  7 80
45 13 50 30 85 81 32 64 11 70  1 93 54 13 30 17 16  3  2 19
57 81 19 46 40 39 63 92 60  8  7 39  9 54 68 21 66 52 54 21
66 66 48 81 30 81 46 95 22 85 57 83 48 94 11 61 92 49 83 91
28 14 65 17 97 57 33 96  3 32 70 78 30 68 92 48  9 75 31 75
25 32 11 22 72 88 50 19 34 87 80 12 26 78 63  3 97 27 25 21
1 39 20 62 71 41 70  8 11 66 75 67 32 74  8 44 94 61 18 99
56 47 11 43 57 27  3 54 40 86 40 30 55 48 37 14 49 59 15 99
72 11 90 18 81 44 79 77 20 86 58 44 32 33 37 92 95 77 97  8
9 37  7 38 10  4 75 54  2 15 95  4 37 19 56 44 60 90 46  7
33 58 88 49 50  3 44  8 82 72 99 50 57 19 12 84 69 14  8 10
37  9 91 92 17 68 34 81 26 99 72 15 93 24  2 73 34 42 12 99
78 98  9 15 97 86 88 22 31 59 70 42 42 65 18 50 28 57 87 57
51 34 97 83 15 68 87 78 57 37 61 51 93 35 57 49 42 12 76 17
33 65 62 11 36  4 97 22 76 17 82  6 96 37 26 89 41 57 23  9
6 89 61 16 42 20 30 57 66 83  7 21 96  7 31 99 14 85 57 15
45 79 88 58  2 13 21  8 37 71 99 49 57 95 19 73 64 64 55 85
51 22 11 82 90 41 88 33 91 99 69  6 33 25 31  7 38 46 41  8
20 96 88 49 24 89 24 66 69 42 92 62 48 95 28 43 71  9 53 31
44 99 49 47 60 12 22 49 40 24 51  2 63 99 75 52 59 16 24 55
67 73  3 72  8 70 73 59 91 69 46 31  6 35 37 93 42 89 34 25
31 26  7 67 25 43 23 31 28 57 42 16 10 26 50 69 35 18 18 77
95 10  7 88 78 62 93 23 94 22 85 73 59 12 58 93 47 73 90 18
82 93 10 46 13 57 30 20 71 41 35 35 52 90 18 80 29 17 74 90
39  7 15 49 34 50 48 77 26 27 78 38 76 40  2 40 92 73 86  6
47 28 21 80 46 63 76 20  5 57  9 71 34 27 87 24 63  6 66 65
52 25 67 53 97  8 23 84 74 75 18 53 31 66 49 51 29 52 34 44
39 17 48 93 97 79 87 40  2 97 47 47 45 65 29 96  8 42 74 18
37 83 30 92 87 51 91 39 64 65 48 68 42 10 86 96 98 35 51 48
98  2 60 23 52 84 38  3  1 46 44 83 68  9 32 19 67 10 12 99
68 38 90 38 58  9 88 63  9 35  4 13 54 94 89 79 74 31 70 97
90 18 91 52 51 84 53  8 90 87 32 21 67 13 60 75 38 36 19 68
46 67 80 62 43 65  9 31 66 42  6 43 47  9 30  6 73 20  1 12
76 36 91 72 61  8 78 56 24 20 12 51 61 91 17 13 74 63  9 84
71 11 72 40 73  9  7 88 19 15 45 54 86 38  9  7 74 80 75 80
38 91 72 44 31 89  4 83 57 63 70  3 12 44 83  7 32 36 26 49
60 88  3  4 56  1 95 31 54 20 51 88 82 68 69 15 72  3 59 43
92 88 40 47 80 23  7 98  2 90 74 23 93 94 41 49  2  9 83 84
84 68 77 54 45 70 34 64 55 66 16 11  9 79 54 23 63  1 91 50