32 13 32 51 74 73 48 13  6 59 33 18 85 13 57 82 71 32 75 50
6 64 34 60 49  3 59 47 15 77 24 78 71 19 65 88 23  2 32  5
69 26 30 90 43 17 23 62 17  4 18 70 19 15 17 84 54 17 55 81
23  7 49 94 75 56 92 58 32 88 39 59 13 14 49 53 18 13 56 35
11 59 77 20 60 33 16 13 72 35 36 92 31 92 53 89 70 21 37 12
69 55 23 81 43 62 17 95 39 29 21 95 62 41 74 75  7 99 58  8
11 84 17 87 45 68 10 10 14 86 90 94  9 76 75 62 61 23 96 99
88 84 41 81  4  6 72 98 70 27  9 45 51 84 92 41 20 19 62 29
52 25  6 91 12 79 26 80  6 16 84 33 13 64 61 41 77 31 74 67
60 95 20 99 30 48 11 55  7 55 17 79 18 59 22 26 35  1 25 40
21 14 63 63 89 19 84 85 26 78 53 98 23 84 53 47  2 98 58 62
17 52 12 60 21 10 18 30 57 65 31 18 95 88 41 92 75 18 87 56
36  6 93 57 28  9 93 18 38 53 88 99 11 86 75 87 16 29  9 53
70 59 33  8 80  8 58 97 96 47 36 29  1 13 17 34 34 34 65  7
62 33 45  4 20 14 24 84 58 90 95 46 60 11 29 39 24 22 93 58
30 49 93 82 67 25 63 99  5 93 72 13 17 73  5 39 20 27 50 67
99 22 94 70 69 41 46 88 87 11 55 51 56 32 29  6 97 54 92 84
92 29 58 91 18 15 22 79 18 95 14 66 47 70 90 60 79  6 60 57
8 64 97 20 17  2 65 92 29 27 62 49 95  5 93 38 82 41 43 16
15 11 33 83 78 32 19 52 86 20  8 22 42 80 61 76 15 86 15 73
48 28 37 12 61 89 31 90 92 52 99 51 48 98 99 47 98 17 32 70
78 32 66 34 58  6 93 19 97 42 27 22 16 92 41 87 32 49  1 10
99 57 77 48 33 59 51 91 75 24 15 16 56 80 42 69 73 86 85 58
72 61 26 62 15 44  3  7 78 56 90 84 34 13 95 61 52 76 22 41
24 16 13 88 92 17 27 23 10 88 88 43 70 74 84  5 36 71 68 69
58 70 26 59 19 87 55 12 49 41 87 52 85 39 38 21 49 16  8 85
48 40 65 92 11 29 68 70 21 49 42 67 40  6 39 29 41 82 93 19
54 66 18 54 85 42 35 55 58 33 52 28 31 97 51 14 99 50 14 31
77 11 61 44 20 39 21 80  3 44 13 73 96 69  5  2 73 74 30 42
93 85 73 76 33 93 98 84 83 54 15 17 33 82 52 72 37 95 45 50
82 47 93 41 23 98 12 52 78 11  2 25  2 39 79 96 33 81 74 40
66 36 12 88 83  4 84 68 27 65 90 73  1 44 27 96 73 12 27 22
1 41 53 29 75 17 53 83 62 93  5 94 25 65 68 44 16 48 58  7
9 15 42 32 51 74 58 26 51 25  9 52 87 23 70 58 14 49 51 54
85 14  8  8 50 94 11 87 44 35 69 62 35 55 77 92 89 20 65 13
80 79 32 35 67 44 37  7 93 73  6 77 77 84 12 48 51 73 89 27
65  1 29 60 55 47 69 88 62 22 44  3 56 75 80  1 65 76  4 66
3  6 61 62 54 85 26  4 27 54 84  3  2 12 44 89 81 16 79 68
15 34 70 90 47 72 25 57 20 80 88 44 78 79 53 42 64 84 15 42
29 54 11 93  2 86 81 23 99 49 98 78 14 25 74 94 91 32  5 69
23 94 61 39  8 71 93 72 55 95 12 60 82 46 82  7 55 38 86 35
45 56 10 49 77 43  8 66 31 74 93 49 57 23 26 97 94 71 23 97
56 90 71 50 29 63  1 69 97 85 42 20 20  3 43 86 97 22 52 21
81 12 71 39 99 70 35 84 22 47 64 98  7 12 75 64 86 27 38 10
35  6 91 16 46 79 55 96 86 45 43  5 95 14 30  4 38 91  9 44
20 65 18 21 13 74 44 39 97 24 33 14 43 17 80 73 39  6 14 43
61 83 46 71 25  8 81 60 14 30 10  1 61 53 20 19 15 12 10 35
36  8 78 32 93 31 11 41 12 10 49 19 99 73 95 38 83 11 25 37
37 90 80 26 42 34 67 59 81 74 17 41 27 72 37 82 78 76 59 14
47  1 10 88 38 83 83 99  1 28 61 62 76 43 29 83 97 60 29 73