9 12 4 7 16 0 1 18 17 5 14 11 8 10 3 15 13 2 19 6
17 13 19 6 10 11 1 7 16 18 14 15 5 3 9 2 0 4 8 12
17 10 3 4 19 7 15 0 16 12 14 18 8 11 6 2 5 1 9 13
9 19 3 10 1 5 16 14 7 17 18 13 4 0 11 15 8 12 2 6
13 16 4 15 9 10 0 2 3 11 17 5 19 7 18 6 1 12 14 8
16 7 9 6 13 5 18 11 17 19 14 15 10 0 4 12 2 1 3 8
14 5 1 10 9 13 16 17 2 18 19 12 15 6 0 3 7 4 11 8
1 11 10 3 17 9 14 18 0 4 15 16 6 12 7 5 13 8 19 2
2 17 8 19 10 13 15 12 16 1 18 6 11 0 14 3 9 7 5 4
3 17 11 0 5 15 13 12 16 10 2 6 4 9 19 8 1 7 18 14
2 8 14 5 15 13 10 19 12 9 4 0 6 3 18 7 16 11 1 17
1 13 8 3 7 14 9 6 10 15 19 11 4 16 2 0 18 17 5 12
5 0 7 1 4 8 10 3 13 9 11 17 12 14 15 6 2 19 16 18
7 19 5 6 9 14 8 4 3 15 1 10 11 12 2 16 0 13 17 18
2 18 0 13 6 16 5 19 14 9 7 3 1 10 17 8 4 11 12 15
12 11 1 17 4 13 16 18 6 7 8 10 2 14 5 3 9 19 0 15
11 8 10 17 3 14 1 9 13 5 19 4 18 6 16 12 7 0 2 15
2 7 15 0 17 18 10 3 16 11 19 13 9 14 12 5 8 1 4 6
16 12 15 11 5 3 2 8 0 6 10 7 9 18 17 19 4 14 13 1
1 14 19 0 10 16 15 7 17 18 3 4 13 8 5 9 6 11 2 12
12 9 2 15 14 8 17 6 1 11 10 5 16 13 4 3 0 7 18 19
11 17 18 12 19 14 8 10 15 7 2 1 4 16 13 9 0 6 3 5
18 12 17 8 5 10 6 9 13 0 2 15 7 4 16 1 14 11 3 19
9 12 8 18 5 2 15 11 0 6 1 4 17 3 13 7 14 19 10 16
18 16 17 11 6 8 1 7 12 10 3 9 14 0 19 2 5 4 15 13
17 15 6 4 7 1 0 13 9 19 18 5 3 10 2 16 11 8 14 12
3 15 7 8 10 9 2 17 19 14 16 5 1 18 12 11 0 4 13 6
3 17 12 9 4 10 15 13 0 11 8 2 1 5 19 7 16 18 6 14
19 16 18 13 5 11 8 9 0 2 14 17 10 4 6 1 3 12 7 15
18 8 2 6 12 17 19 10 9 15 5 1 3 7 14 13 11 4 0 16
12 13 1 3 18 17 15 6 5 9 11 16 14 10 0 8 4 7 2 19
7 8 13 0 16 12 15 17 6 4 11 18 10 9 2 14 5 19 1 3
11 17 19 7 6 12 16 9 13 0 2 15 10 5 4 1 18 14 3 8
6 8 9 17 16 4 10 14 18 2 7 19 5 0 3 11 13 1 15 12
16 8 3 4 13 1 2 9 10 7 12 6 17 5 0 18 11 19 15 14
7 11 2 15 16 4 18 0 17 13 19 10 9 12 1 6 14 8 3 5
12 6 0 17 5 10 13 8 1 16 4 7 11 19 18 2 9 14 3 15
2 8 7 10 17 6 13 3 19 18 9 12 11 14 1 16 5 4 15 0
10 3 1 15 14 11 13 2 16 4 8 18 12 9 5 7 19 0 17 6
8 14 19 2 18 17 16 5 6 13 10 3 7 0 4 12 9 1 15 11
9 1 19 6 4 17 13 7 15 8 0 2 10 16 14 18 5 3 12 11
8 7 4 14 18 16 19 15 2 10 6 12 9 5 0 1 13 3 17 11
2 9 18 7 16 13 14 15 10 17 11 3 5 0 8 12 4 19 1 6
6 2 16 10 18 0 17 19 3 5 7 14 9 12 15 8 4 13 1 11
10 0 12 1 6 14 18 11 7 16 9 8 4 15 13 19 5 3 2 17
14 5 4 19 9 8 3 12 1 0 15 18 17 13 10 6 11 7 16 2
2 13 17 11 4 9 15 1 7 0 5 12 16 14 8 10 3 6 19 18
2 5 14 10 1 7 3 18 19 6 4 8 17 12 15 0 11 13 16 9
4 13 10 15 14 12 18 11 1 5 17 9 2 16 0 8 19 6 3 7
3 17 4 13 8 15 19 7 6 11 12 14 1 10 9 0 5 18 16 2
11 8 0 13 5 7 10 9 2 4 1 12 17 6 18 15 14 19 3 16
3 11 15 8 10 6 5 18 2 9 19 16 14 17 12 4 7 1 13 0
10 18 3 8 2 12 11 13 6 14 19 1 16 17 0 7 4 15 9 5
3 14 0 4 5 7 13 6 15 17 12 10 1 9 11 2 18 8 16 19
2 8 7 9 19 16 17 15 6 3 4 13 10 12 0 5 14 18 1 11
18 12 11 7 17 8 13 15 9 14 16 5 2 10 19 3 1 0 6 4
0 7 2 16 17 4 13 1 9 10 11 14 15 3 5 6 12 8 19 18
3 13 18 9 17 12 14 19 7 10 0 11 5 8 2 4 16 1 6 15
7 18 10 5 8 13 2 16 3 14 1 4 19 9 15 0 11 17 12 6
6 12 8 0 4 16 5 19 11 2 14 13 7 18 3 10 9 1 17 15
8 17 15 10 6 3 5 1 9 2 13 11 14 7 12 18 0 4 19 16
2 7 17 10 5 12 13 18 0 15 4 1 9 8 6 11 19 3 14 16
15 5 4 19 8 13 3 0 14 1 12 11 10 17 9 2 18 7 6 16
10 16 19 6 2 5 0 1 9 4 8 12 3 17 14 7 13 15 11 18
17 4 3 11 6 12 18 14 9 19 7 15 10 0 5 13 1 2 16 8
19 1 4 6 14 2 3 8 16 11 18 13 10 15 7 9 5 12 0 17
16 17 11 1 8 6 7 13 18 4 3 0 10 9 2 14 19 5 12 15
8 3 1 14 13 7 19 10 0 17 12 2 4 16 18 6 5 9 15 11
13 16 4 17 7 19 6 3 2 12 11 10 1 14 9 15 0 8 5 18
6 17 7 14 5 4 3 10 1 12 8 15 2 18 11 9 16 13 19 0
11 6 10 4 8 18 0 16 2 17 5 14 1 15 13 7 3 9 19 12
7 17 15 1 12 9 5 14 0 2 4 11 13 18 16 3 19 6 10 8
11 16 10 17 18 5 13 19 7 14 12 15 4 9 2 3 1 6 8 0
2 13 19 4 6 7 10 18 14 17 12 16 11 8 15 5 9 0 1 3
16 11 3 10 18 14 1 7 6 17 19 15 2 0 8 13 4 12 9 5
5 13 0 1 3 6 17 19 4 2 8 9 16 7 10 11 18 12 14 15
18 17 5 10 8 9 0 11 12 2 19 14 16 1 6 15 4 3 7 13
8 15 1 6 2 19 16 17 0 10 12 5 9 13 4 14 3 11 18 7
7 8 3 17 14 5 1 11 9 15 4 12 16 6 10 2 13 19 18 0
18 15 8 16 13 6 11 4 10 2 3 1 19 7 12 9 0 14 17 5
11 3 10 17 19 16 5 6 13 9 8 14 12 18 1 15 2 4 7 0
11 8 5 13 18 16 1 3 7 6 9 14 10 2 4 19 15 17 0 12
17 19 8 0 4 1 11 3 13 16 9 10 5 14 2 18 12 7 15 6
6 5 1 18 7 0 19 16 2 12 14 17 3 10 8 4 15 13 9 11
2 17 7 12 0 14 4 19 15 10 8 1 6 3 18 5 9 11 16 13
16 12 0 2 14 5 6 3 17 15 18 10 11 7 9 1 8 19 4 13
9 3 11 18 15 1 19 16 13 17 0 5 14 10 12 4 2 8 6 7
16 14 2 11 5 13 17 19 8 15 9 10 1 12 7 4 6 3 18 0
7 9 16 2 14 3 5 6 18 19 13 8 15 17 0 12 11 10 4 1
5 18 13 10 8 14 9 12 4 2 7 11 19 6 1 17 0 15 3 16
6 11 8 0 1 2 15 7 12 14 18 5 16 10 19 17 4 3 9 13
7 10 16 9 5 15 12 6 3 2 0 19 18 8 11 4 17 1 13 14
15 18 19 0 10 12 14 9 1 3 17 2 8 6 13 16 7 5 11 4
13 19 7 4 6 18 12 1 17 16 2 14 3 5 15 0 11 9 10 8
0 3 8 12 9 16 2 6 19 14 5 17 11 15 4 1 18 7 10 13
11 9 19 3 1 7 2 4 18 6 15 17 16 14 10 0 12 8 13 5
10 5 9 8 3 1 0 4 7 15 11 19 18 13 14 17 2 12 16 6
6 10 4 19 2 13 12 11 8 9 17 0 1 7 14 15 3 16 5 18
11 9 8 16 13 7 19 5 10 3 18 2 14 17 12 4 0 6 1 15
11 12 9 7 15 18 16 8 19 4 1 17 13 5 0 14 2 6 10 3