17 16 7 0 2 5 13 15 9 10 3 1 19 12 14 6 4 11 18 8
12 3 19 13 2 7 16 17 6 14 9 5 1 0 18 4 10 8 15 11
17 0 18 10 2 1 6 4 14 8 12 15 13 3 16 5 11 7 19 9
8 14 7 0 13 12 2 10 3 9 1 17 11 16 4 19 15 6 5 18
13 0 7 16 6 12 2 4 5 11 18 14 10 1 19 8 3 9 17 15
11 1 18 6 17 16 0 19 7 10 3 2 5 13 4 9 14 12 8 15
19 2 4 11 18 14 16 10 5 3 13 0 7 6 12 15 17 1 9 8
4 17 19 11 13 16 0 10 18 7 5 9 6 12 15 14 8 2 1 3
12 3 11 7 9 17 19 15 4 18 0 14 1 8 2 5 13 10 6 16
11 0 15 14 8 17 12 16 9 18 1 7 2 19 6 10 13 4 5 3
6 8 12 15 16 4 19 2 18 11 0 10 14 3 9 7 17 5 13 1
9 1 3 14 13 7 8 17 19 12 4 18 5 2 11 6 10 16 0 15
18 1 9 3 4 0 14 2 15 8 16 10 13 17 5 7 11 19 12 6
9 12 10 14 13 17 18 4 11 3 6 1 15 7 19 0 16 5 2 8
3 8 9 10 5 2 19 0 16 6 17 11 15 4 1 7 18 12 13 14
7 16 10 8 13 3 0 5 11 17 9 15 4 1 6 12 2 19 18 14
0 18 9 6 7 3 2 11 16 4 14 17 19 5 10 8 13 15 12 1
16 9 15 5 0 7 8 18 13 2 17 19 10 4 14 12 6 11 1 3
8 10 14 7 0 19 3 9 15 5 12 13 18 16 17 2 6 11 4 1
12 9 5 1 10 18 2 7 8 11 14 4 15 17 3 13 16 19 0 6
7 15 8 17 6 14 19 18 5 9 12 2 0 4 1 3 13 11 10 16
4 10 2 13 11 18 6 19 16 8 15 14 12 17 9 5 1 3 7 0
13 9 16 17 4 10 5 19 3 14 0 6 8 12 7 2 11 18 1 15
3 16 13 1 6 7 12 9 17 11 18 14 19 4 8 2 0 15 5 10
2 3 13 10 15 14 12 1 17 4 7 11 0 18 6 16 9 8 19 5
12 19 18 1 14 16 0 10 4 5 3 9 13 8 7 11 2 6 17 15
9 11 14 16 13 0 12 10 4 2 15 5 17 19 6 1 7 3 18 8
17 6 16 7 19 12 0 18 13 2 1 11 8 14 5 3 9 15 10 4
12 11 6 5 7 19 2 17 3 15 9 13 14 8 10 16 1 0 18 4
7 12 10 13 5 11 8 0 3 1 19 9 6 2 14 15 18 4 16 17
3 12 9 10 2 0 1 6 17 15 4 11 13 16 18 8 19 7 14 5
16 18 10 17 19 8 15 7 11 6 14 4 2 12 1 9 5 13 0 3
14 18 1 17 8 12 13 15 5 3 9 7 6 10 2 19 0 16 4 11
0 8 2 12 15 16 7 1 4 9 5 11 13 6 18 14 19 17 10 3
12 11 5 8 2 16 9 4 15 10 7 1 13 6 14 18 0 19 17 3
12 19 10 11 17 4 5 18 14 0 16 9 1 7 15 6 8 3 13 2
13 3 11 16 4 8 17 0 6 2 7 10 5 9 15 1 12 14 19 18
10 13 19 8 0 9 7 15 18 17 4 1 12 3 11 14 5 6 16 2
19 8 10 3 7 15 14 5 0 11 2 9 17 1 12 16 6 18 4 13
2 15 4 0 13 10 19 18 12 9 7 5 14 1 8 17 11 16 6 3
14 8 17 15 11 1 5 10 6 9 19 7 2 4 18 13 16 3 0 12
4 3 5 6 9 18 19 2 11 15 17 0 8 16 12 1 13 14 10 7
12 8 17 19 10 13 5 14 7 6 1 2 18 3 15 11 9 0 4 16
18 4 0 8 13 6 3 2 9 17 1 11 15 12 16 10 5 7 19 14
10 13 7 0 15 6 11 8 14 2 5 3 9 16 1 4 19 18 17 12
12 5 14 18 8 0 7 2 10 16 9 6 1 17 11 4 15 19 3 13
5 2 11 18 12 15 0 3 17 19 13 9 7 6 16 10 14 1 4 8
3 1 10 9 2 15 13 12 5 0 7 19 11 17 4 8 18 14 6 16
8 3 18 9 15 0 13 10 11 19 14 16 7 2 1 12 4 6 17 5
17 2 10 9 14 16 6 1 15 8 13 7 5 11 0 4 12 18 19 3
10 9 12 5 7 4 19 0 14 11 2 6 1 3 15 16 13 18 8 17
5 9 14 3 12 17 4 11 2 19 6 15 10 0 18 7 1 8 16 13
2 13 15 4 10 5 9 0 17 11 7 18 3 16 8 14 19 6 12 1
18 6 5 19 7 16 13 4 15 14 10 8 12 17 0 11 2 9 3 1
7 1 2 17 16 10 9 6 5 15 12 8 14 3 0 19 13 11 4 18
14 8 10 15 17 4 9 7 1 3 19 0 13 2 16 5 11 6 12 18
18 4 5 2 11 17 19 14 16 15 1 7 13 9 3 10 8 0 12 6
13 14 0 8 19 15 16 6 17 4 18 10 9 5 2 11 12 3 1 7
11 15 19 8 6 12 3 18 13 4 10 14 5 9 7 17 2 16 1 0
1 10 4 13 14 9 7 19 3 17 0 8 18 11 2 5 15 6 16 12
18 2 4 3 5 19 16 10 6 17 8 13 12 0 1 9 15 14 11 7
18 7 10 11 6 16 5 9 13 4 1 19 3 14 15 17 0 8 2 12
9 1 10 0 11 8 19 7 15 6 12 13 16 4 17 18 2 14 3 5
5 9 10 7 0 4 15 13 16 2 19 3 12 11 18 14 1 8 17 6
10 3 15 17 2 6 14 19 12 8 16 13 0 11 4 1 5 9 18 7
1 0 7 19 16 17 5 8 18 15 12 3 11 4 10 13 6 14 2 9
16 2 8 5 14 9 1 4 12 10 15 13 17 7 3 19 0 6 18 11
18 12 1 3 14 2 11 10 0 13 15 8 7 5 9 19 16 6 4 17
12 10 19 2 9 16 6 17 7 15 3 4 5 1 14 11 18 0 13 8
12 9 8 6 7 0 1 11 10 18 3 14 13 17 16 5 15 2 19 4
13 9 8 11 10 15 0 18 1 5 7 4 17 2 12 16 14 6 19 3
2 12 6 4 19 7 10 1 16 17 18 3 15 11 13 8 9 0 14 5
17 11 3 15 5 13 16 9 14 10 6 2 0 19 12 8 4 18 7 1
19 6 3 5 16 14 10 4 1 11 7 9 12 17 15 18 8 13 0 2
14 6 4 0 2 12 10 8 15 7 3 16 19 1 17 9 13 5 11 18
2 1 6 7 18 16 15 14 4 11 8 9 19 0 10 13 3 5 17 12
3 11 15 19 7 2 17 18 8 4 14 1 6 10 13 9 16 0 12 5
9 19 8 10 17 6 4 15 13 1 14 16 11 18 5 0 7 12 3 2
7 2 1 3 11 15 0 9 14 10 13 16 17 6 19 12 5 18 4 8
17 13 9 2 3 8 5 10 15 16 6 4 1 7 19 11 0 18 14 12
2 13 14 10 15 18 1 11 16 19 8 12 7 0 3 5 6 9 17 4
0 17 5 9 2 8 4 15 7 14 3 12 6 1 10 13 16 11 18 19
8 11 0 15 13 14 4 7 19 12 1 3 9 10 17 2 18 16 5 6
7 8 18 12 6 14 13 16 3 10 15 5 9 1 2 11 19 17 4 0
16 15 18 11 2 14 8 4 1 9 19 3 10 7 6 13 17 0 5 12
16 11 19 18 12 0 7 4 6 13 10 15 8 1 2 5 3 14 9 17
7 15 5 2 6 13 18 0 3 12 8 9 10 17 1 14 4 16 11 19
2 17 9 8 5 4 12 1 18 11 0 15 16 14 10 3 7 19 13 6
16 19 0 2 14 5 9 12 18 13 3 10 17 15 7 6 11 8 1 4
14 17 16 18 0 6 13 9 3 4 19 10 1 15 2 8 11 12 7 5
6 15 17 11 1 16 5 9 13 10 4 2 8 12 7 14 3 19 0 18
8 19 15 18 16 14 7 17 3 5 13 2 1 9 0 6 10 11 4 12
19 8 13 0 18 16 15 5 11 6 9 12 4 2 7 3 10 17 1 14
19 13 17 0 16 14 9 12 18 10 5 4 2 15 8 7 11 1 3 6
17 4 15 3 16 18 8 9 10 11 14 1 6 13 0 5 19 12 2 7
5 9 15 19 16 1 3 0 12 6 11 17 13 10 18 7 2 8 14 4
6 3 16 12 15 4 11 8 5 10 18 2 14 9 17 19 7 1 0 13
13 18 15 2 12 19 14 10 6 0 1 9 17 11 7 5 3 8 4 16
11 0 4 10 7 17 16 14 2 3 5 15 12 18 8 9 6 13 19 1
9 19 1 15 18 12 2 13 11 16 7 14 10 17 4 6 0 8 3 5