3 10 16 19 7 1 12 2 15 5 0 17 9 13 14 18 6 8 11 4
2 18 9 16 14 0 3 6 5 4 15 12 8 1 10 17 11 19 7 13
7 2 11 14 0 12 13 3 8 1 18 16 5 17 15 9 4 10 19 6
1 18 12 6 8 5 19 11 9 3 2 13 17 4 10 0 15 14 7 16
6 12 8 10 11 19 2 3 4 18 16 5 0 15 13 17 7 9 1 14
4 7 17 5 16 15 12 11 0 6 19 2 3 18 1 9 14 10 13 8
3 16 19 6 10 17 4 15 1 0 9 8 2 12 5 18 7 14 11 13
12 19 5 4 8 15 9 2 16 10 1 13 7 11 17 14 18 3 6 0
3 4 13 8 19 18 14 5 12 15 10 1 9 6 11 0 17 16 7 2
13 18 19 17 16 9 6 14 8 0 12 1 11 10 15 3 4 2 5 7
19 4 17 3 15 18 11 0 10 7 6 14 12 5 8 16 2 13 9 1
2 10 13 8 11 12 9 4 16 6 15 1 14 19 0 5 3 7 17 18
7 17 11 4 2 12 15 9 18 16 8 14 10 5 19 0 6 1 13 3
11 1 6 2 7 17 10 5 16 4 13 19 3 8 0 15 18 12 14 9
18 7 11 3 9 1 12 4 13 5 14 17 8 2 15 6 0 16 10 19
4 1 6 18 0 13 3 7 15 5 8 11 12 10 2 19 17 9 16 14
11 4 10 5 14 8 6 0 9 2 15 19 13 3 1 17 7 18 16 12
17 3 1 15 13 6 12 19 7 16 11 10 0 4 2 18 5 14 8 9
14 15 12 19 17 18 10 1 6 13 3 9 4 0 11 16 7 2 8 5
5 2 4 10 19 0 3 18 1 7 16 12 11 14 9 15 17 13 8 6
18 1 14 11 19 16 9 17 3 15 0 13 10 7 12 5 6 4 2 8
10 2 19 6 0 15 18 5 13 14 12 17 7 11 1 16 4 9 8 3
4 14 17 16 15 3 5 7 11 19 18 9 13 12 2 0 6 8 10 1
12 8 3 14 18 19 15 6 11 13 16 0 1 10 5 2 17 7 9 4
8 16 17 12 1 14 2 6 7 3 10 18 13 0 5 19 15 11 9 4
8 13 9 0 10 19 4 18 17 7 2 15 12 11 3 1 5 14 6 16
2 1 19 15 8 11 5 16 7 12 0 18 17 13 10 9 14 3 6 4
13 4 18 11 12 15 3 14 5 8 10 9 0 16 6 1 17 19 2 7
19 16 17 18 12 3 6 8 15 9 7 4 1 13 5 2 11 14 0 10
7 5 13 12 9 19 1 0 14 10 17 8 6 15 2 3 11 16 4 18
18 1 8 5 13 12 7 11 19 4 10 2 16 3 14 0 6 17 9 15
8 12 17 7 11 14 10 1 5 18 0 9 15 13 3 6 19 16 2 4
15 13 14 2 10 9 12 19 0 5 8 17 1 16 18 3 11 4 7 6
18 7 5 15 12 6 4 0 13 11 17 9 8 16 3 10 19 1 2 14
19 4 7 17 14 3 12 8 6 18 9 10 2 11 1 16 0 13 5 15
11 4 7 2 15 3 0 8 12 10 5 16 19 6 13 18 17 1 14 9
17 5 11 10 3 18 6 0 15 13 16 14 19 9 12 7 4 8 2 1
4 8 18 13 3 7 15 6 0 16 19 12 9 11 17 10 5 2 1 14
3 8 6 11 12 15 4 17 13 0 16 1 10 14 19 7 18 9 5 2
10 8 12 3 1 7 15 13 16 18 2 11 17 0 6 4 14 19 5 9
0 17 18 7 10 2 1 16 13 6 5 11 14 8 4 19 3 9 15 12
3 2 4 11 16 8 12 9 15 13 14 19 5 7 6 1 17 10 0 18
6 8 7 5 10 17 12 1 9 14 13 16 15 19 4 11 3 0 18 2
2 12 16 11 0 14 4 18 8 7 5 13 10 3 9 6 19 1 17 15
17 18 6 7 0 3 15 8 1 10 9 11 14 2 5 19 16 12 4 13
12 9 8 17 2 5 14 13 10 19 18 1 3 4 11 0 6 15 16 7
6 2 13 7 16 9 4 11 12 14 15 8 19 10 18 17 5 1 0 3
0 10 12 13 6 3 15 4 16 14 9 11 2 18 1 5 7 8 17 19
3 17 15 13 19 7 12 11 6 18 8 4 0 5 16 9 14 1 2 10
16 18 10 5 4 8 15 14 3 19 0 6 9 17 12 7 2 11 1 13
10 7 13 8 6 5 16 2 18 9 3 0 1 15 12 11 19 17 4 14
1 10 7 4 19 3 5 9 13 6 15 11 17 14 2 18 16 0 8 12
14 8 5 16 0 19 9 15 18 10 4 1 17 3 11 7 12 2 6 13
15 2 8 18 13 0 6 9 17 4 3 12 10 19 14 16 11 5 1 7
0 12 15 1 10 3 4 7 9 6 19 14 17 13 2 18 5 8 16 11
9 13 15 6 17 10 8 16 1 2 4 0 19 3 5 7 11 14 12 18
4 1 2 5 18 0 7 8 14 16 13 6 11 12 3 9 15 17 10 19
4 13 17 5 10 3 2 6 14 0 16 12 9 8 15 19 7 11 1 18
4 1 3 15 6 18 9 7 19 5 10 14 2 16 13 0 8 11 17 12
13 0 19 2 5 3 6 16 12 11 17 10 9 15 8 7 14 18 1 4
0 5 14 11 1 4 12 10 15 19 8 16 2 3 18 17 13 9 6 7
8 11 6 12 18 4 16 13 0 1 19 17 3 5 2 7 9 10 15 14
6 2 0 4 14 1 18 3 9 5 11 13 12 19 7 16 15 8 10 17
1 13 19 2 18 5 7 3 8 12 15 6 4 14 16 9 11 0 10 17
2 0 1 12 7 3 8 16 14 11 19 9 4 5 6 10 15 17 18 13
0 15 3 11 17 9 16 10 12 4 7 8 18 1 14 2 13 5 19 6
10 13 6 14 2 17 15 5 18 8 9 3 4 16 11 7 1 19 12 0
14 10 17 12 5 4 7 11 13 8 0 2 16 15 18 9 19 3 6 1
17 6 12 0 16 5 9 4 7 13 11 15 18 8 1 2 3 10 19 14
9 0 6 14 2 3 12 7 5 16 19 1 10 8 18 11 13 17 4 15
19 15 12 17 18 14 13 4 1 0 6 2 9 8 11 7 16 3 5 10
11 13 10 9 2 8 5 4 6 18 17 14 7 12 16 19 3 15 0 1
8 0 12 10 9 13 1 3 4 17 19 18 15 11 6 5 14 7 2 16
19 8 5 18 2 14 3 15 12 4 16 0 11 13 7 1 9 6 10 17
11 16 7 14 15 19 1 13 2 17 9 3 6 4 10 0 5 8 18 12
11 3 14 0 17 4 15 13 2 8 18 1 12 19 5 10 16 9 6 7
13 4 18 11 15 0 16 3 19 17 1 8 14 5 12 6 9 2 10 7
7 13 4 19 0 8 15 5 1 18 16 3 11 9 12 10 17 14 2 6
8 11 7 18 4 0 6 9 5 13 17 10 15 12 16 2 14 19 3 1
15 3 8 11 17 16 9 14 6 10 1 4 18 12 13 0 7 19 2 5
5 7 11 18 10 1 16 13 4 9 6 14 8 19 0 12 2 3 15 17
11 9 6 8 18 7 1 4 17 10 3 15 12 19 16 2 13 5 14 0
10 3 4 15 16 1 2 14 7 11 19 13 0 12 6 17 18 8 5 9
17 5 11 2 13 0 7 12 6 9 4 8 14 16 1 18 19 15 10 3
4 5 0 18 9 16 19 3 1 2 17 6 8 13 10 11 12 14 7 15
10 13 5 0 7 16 4 19 9 2 11 17 14 15 18 3 8 1 6 12
0 4 6 3 15 5 2 10 11 14 13 17 16 8 9 18 19 1 7 12
15 12 19 13 11 18 4 16 5 17 2 8 7 14 0 9 10 6 1 3
6 5 15 2 9 4 1 19 17 10 0 11 12 14 7 8 16 3 18 13
18 7 4 17 16 9 8 3 12 14 6 19 2 15 10 0 1 5 13 11
10 9 5 1 14 19 0 18 3 7 16 6 4 2 12 13 15 8 11 17
17 15 16 4 13 1 9 10 11 19 0 5 14 8 12 7 2 3 18 6
19 11 13 6 4 18 1 12 17 9 3 14 0 8 10 7 5 16 15 2
7 8 1 15 14 5 3 11 2 19 4 6 18 12 16 17 9 10 13 0
5 7 4 16 2 19 18 10 0 1 11 8 17 13 14 12 9 3 6 15
9 5 18 16 7 15 8 0 3 6 12 1 10 14 13 19 17 4 11 2
15 8 9 17 1 14 3 12 5 16 6 11 10 4 13 18 7 2 0 19
12 0 10 11 2 9 7 5 16 13 6 15 3 8 14 19 18 1 17 4
14 15 8 16 5 11 12 0 9 3 18 17 13 6 4 19 1 10 7 2
7 18 0 14 12 17 8 10 16 4 19 13 2 15 6 3 1 9 11 5