16 18 5 13 12 9 10 0 17 4 2 11 8 6 7 15 3 14 19 1
6 9 17 10 1 7 11 13 0 5 14 4 8 3 12 18 19 2 15 16
3 13 8 18 9 2 15 16 4 1 14 10 12 6 17 19 0 7 5 11
10 4 13 18 19 12 9 17 3 7 8 6 14 2 11 1 15 16 0 5
3 19 9 4 18 15 2 10 16 17 0 6 1 5 11 7 8 12 14 13
1 7 13 16 17 5 8 4 12 19 6 3 18 0 11 14 2 10 15 9
10 6 14 19 16 4 12 17 3 8 1 15 13 18 9 2 7 5 11 0
1 14 13 12 19 7 15 16 17 0 10 11 6 2 8 4 18 3 9 5
9 5 11 16 3 18 8 7 17 4 10 2 19 6 1 0 13 12 15 14
10 5 6 12 1 4 7 11 13 19 2 3 17 15 14 8 9 18 16 0
18 4 16 2 19 8 12 0 3 10 1 9 13 17 15 6 11 7 5 14
15 11 8 17 12 2 0 5 3 19 16 14 9 10 6 1 7 4 13 18
19 8 13 12 1 5 14 15 16 3 0 4 10 2 18 11 17 9 6 7
4 6 9 15 1 12 0 14 10 18 17 13 2 8 16 3 11 7 5 19
18 19 13 8 14 17 0 9 10 16 2 5 4 15 7 3 11 12 1 6
5 16 1 18 0 13 6 12 4 15 9 14 3 17 8 10 19 11 7 2
14 17 19 5 10 1 4 2 11 6 7 8 15 12 0 13 3 9 16 18
1 5 6 17 12 8 19 14 9 4 11 13 15 16 10 7 18 3 0 2
6 9 4 16 3 15 11 5 10 7 2 0 17 8 18 13 1 19 12 14
10 12 3 6 14 2 17 11 5 9 8 7 15 4 18 0 19 1 16 13
9 11 15 2 17 10 4 14 18 6 8 3 16 7 13 1 19 0 12 5
3 17 19 8 12 11 1 6 14 7 0 18 2 15 10 4 16 9 13 5
8 15 18 10 13 7 3 16 0 14 1 2 4 17 11 5 12 9 19 6
11 0 6 1 7 9 10 14 12 15 13 8 19 5 2 4 18 17 3 16
10 2 13 11 9 4 3 5 18 19 6 1 15 8 17 0 12 16 14 7
18 1 9 3 12 6 10 13 17 5 0 4 11 2 15 16 7 19 8 14
12 16 2 8 9 19 6 0 3 7 14 10 1 15 5 11 17 18 13 4
1 4 8 15 2 14 6 18 13 12 10 16 0 9 7 3 17 19 5 11
12 16 17 1 4 11 0 15 9 3 8 5 13 10 2 19 6 18 14 7
6 10 2 18 5 3 13 11 4 7 17 12 19 8 9 0 1 16 14 15
17 8 16 4 14 11 13 7 12 3 10 1 9 15 2 5 6 0 19 18
3 5 4 1 15 16 17 12 7 14 11 13 18 10 19 6 0 9 8 2
11 3 17 16 10 1 14 18 0 4 13 5 12 8 7 6 2 15 9 19
11 3 8 9 2 15 0 12 7 14 13 4 10 17 6 16 18 1 5 19
6 15 14 19 13 1 17 3 16 12 2 10 8 18 0 4 9 7 11 5
1 14 16 8 2 3 6 18 12 5 10 7 19 4 13 0 17 11 15 9
11 6 15 4 3 2 16 19 12 5 18 14 7 1 8 13 10 17 0 9
16 14 9 12 6 2 5 1 11 8 3 15 13 18 19 10 4 17 7 0
0 7 6 13 16 5 15 12 14 4 8 3 9 19 2 18 1 10 11 17
5 3 2 0 13 4 16 6 9 10 7 15 8 19 18 12 14 11 17 1
14 13 3 10 4 5 19 15 16 9 7 0 1 12 18 8 2 17 6 11
14 19 5 11 7 3 9 1 4 2 15 6 12 17 0 13 18 8 10 16
11 7 19 4 3 13 17 16 14 2 1 12 8 5 6 0 9 15 10 18
4 15 8 19 1 13 18 2 17 0 5 11 6 3 7 14 16 9 12 10
12 8 13 11 1 17 19 14 0 4 7 6 10 9 3 15 5 18 16 2
18 1 19 2 5 8 17 4 11 9 14 12 7 0 16 6 13 3 15 10
12 10 1 3 15 13 2 8 9 11 18 19 5 7 4 16 17 0 6 14
7 6 12 10 8 14 9 1 16 5 0 11 3 4 19 17 13 18 15 2
8 5 18 17 7 15 1 10 14 13 3 6 12 19 16 0 4 11 9 2
5 13 4 19 7 12 10 2 9 14 17 1 11 15 6 16 18 3 0 8
7 11 13 19 9 6 2 4 14 12 18 17 3 0 16 10 15 8 5 1
5 2 4 18 7 14 13 16 8 19 17 15 11 9 12 3 1 10 0 6
7 10 19 13 9 12 16 1 5 14 6 18 17 8 2 0 3 11 15 4
0 1 3 18 14 10 5 9 4 6 12 11 15 8 7 13 17 19 16 2
7 4 12 17 19 13 1 6 3 10 0 5 15 2 8 14 16 11 9 18
5 16 13 8 18 3 15 12 17 14 1 7 9 10 4 6 19 11 0 2
17 7 14 12 3 9 5 8 0 10 11 1 6 16 4 15 13 19 2 18
5 14 7 9 10 12 15 19 18 13 8 1 0 17 6 4 2 3 16 11
1 9 8 11 13 5 3 7 6 14 17 18 10 16 0 12 15 2 19 4
19 16 10 17 14 13 4 3 5 6 2 8 11 15 9 1 7 0 18 12
16 14 6 17 9 4 3 5 2 15 11 7 18 12 1 8 0 13 10 19
7 15 3 12 9 17 13 10 11 1 14 16 6 0 2 19 5 8 4 18
19 10 4 9 13 5 16 12 2 1 17 7 3 15 18 11 14 8 0 6
1 10 3 17 11 0 5 6 15 9 16 2 14 18 4 7 12 8 19 13
12 11 13 7 4 17 15 6 9 18 14 1 16 19 5 0 2 3 8 10
19 0 16 10 13 18 4 14 17 11 15 7 2 8 9 1 12 6 5 3
9 10 8 6 3 19 7 1 18 17 13 0 14 11 2 16 12 4 15 5
13 4 2 19 3 9 8 12 14 18 10 0 5 11 17 16 1 7 6 15
0 16 7 3 13 18 17 10 15 14 12 6 9 4 19 1 5 8 2 11
19 0 5 16 6 18 13 11 2 15 12 4 3 10 1 7 14 9 8 17
6 1 3 19 12 16 10 4 7 15 8 18 5 13 9 17 11 14 2 0
4 9 8 14 5 0 10 1 2 6 7 19 18 12 17 15 11 3 13 16
4 1 6 10 13 12 19 0 3 5 14 15 8 11 7 18 2 9 17 16
6 10 5 0 18 9 19 16 8 15 11 3 14 1 2 4 13 12 17 7
9 0 13 16 8 15 4 1 6 14 19 18 17 2 12 10 3 5 7 11
18 14 3 8 6 0 12 9 16 11 19 10 7 4 13 15 17 2 1 5
15 18 14 4 6 13 8 17 9 1 16 7 0 12 3 10 5 11 2 19
1 10 0 12 9 6 13 8 2 11 19 14 4 3 15 7 18 17 16 5
0 4 15 10 1 5 8 16 19 2 14 11 9 18 13 3 12 17 7 6
10 5 17 3 4 7 13 16 0 19 14 2 6 1 11 9 15 12 18 8
5 6 18 13 11 9 10 14 2 7 1 0 17 4 8 15 19 16 12 3
18 9 6 12 10 3 13 1 7 14 17 0 11 4 19 16 8 15 2 5
0 10 17 12 14 3 1 16 7 4 9 11 18 6 13 19 2 5 15 8
14 12 3 11 10 16 1 2 0 5 17 8 6 19 7 15 9 4 13 18
3 14 11 13 8 18 7 0 19 4 16 9 15 10 2 12 17 5 6 1
8 4 17 15 0 11 13 6 12 3 2 7 5 1 9 16 18 19 14 10
3 18 19 7 15 2 14 12 10 5 0 17 13 8 4 9 11 16 6 1
1 3 18 7 16 0 9 13 12 6 4 11 8 14 2 19 5 17 10 15
0 11 16 14 4 1 7 5 2 17 10 15 18 8 3 19 12 9 6 13
16 18 11 3 17 5 4 19 15 13 7 0 14 1 8 6 12 2 9 10
16 8 15 6 11 13 5 9 12 10 3 0 18 1 17 19 14 2 7 4
19 0 3 14 11 10 9 4 16 8 12 7 13 2 6 18 17 5 15 1
12 16 8 0 5 4 10 13 2 19 14 18 11 15 6 3 1 17 9 7
4 1 16 13 10 14 12 7 8 11 15 17 9 3 0 6 19 5 2 18
3 0 17 6 5 12 13 18 19 14 4 9 2 7 16 11 1 10 15 8
2 19 9 14 3 1 0 16 6 7 15 17 11 13 18 12 4 5 8 10
16 18 7 17 1 10 8 12 2 11 0 14 9 4 5 6 15 13 3 19
13 15 9 12 7 0 16 19 2 1 8 10 11 6 18 4 14 3 17 5
9 5 14 7 3 4 19 16 17 12 6 1 11 13 8 10 15 2 0 18
11 4 8 12 3 2 10 13 16 18 17 0 1 9 5 15 19 6 14 7