9 19 7 6 2 13 11 18 16 8 14 3 1 4 5 0 15 10 12 17
3 2 6 15 16 18 8 14 10 12 13 1 17 0 5 11 7 4 9 19
12 11 13 16 7 9 3 19 10 14 2 0 18 6 1 17 15 5 4 8
12 19 5 11 14 4 13 7 6 15 18 1 0 3 17 2 10 16 8 9
12 2 10 11 8 18 17 6 5 13 9 14 4 16 19 15 3 1 0 7
12 14 18 0 9 3 15 16 2 13 17 7 11 10 5 19 8 4 1 6
2 18 8 10 17 12 19 9 7 4 11 14 1 3 0 16 13 15 6 5
5 11 0 18 16 6 3 7 13 9 10 14 19 15 12 1 17 8 4 2
8 1 7 15 17 12 14 18 16 0 3 13 9 4 19 11 10 6 5 2
11 13 0 4 8 19 14 2 17 12 18 6 3 5 10 15 16 1 7 9
0 9 2 7 4 3 15 17 6 1 10 8 19 5 16 18 11 14 12 13
16 11 6 13 17 14 2 5 1 4 8 9 15 19 3 0 18 7 12 10
11 14 18 8 1 9 5 10 2 3 16 0 4 17 13 19 6 12 15 7
3 19 14 10 16 7 0 1 12 5 11 6 18 8 4 2 15 9 13 17
6 9 11 4 14 8 10 19 5 12 18 17 3 15 0 1 16 13 7 2
6 1 5 18 13 15 9 3 7 8 16 14 10 4 17 11 12 0 19 2
12 16 2 3 0 18 9 10 19 4 13 15 6 17 7 5 11 8 1 14
6 15 0 5 2 12 19 10 3 7 13 4 11 16 8 1 18 14 9 17
4 1 15 19 0 18 16 14 12 11 3 9 10 8 2 17 6 5 7 13
12 19 13 8 10 14 17 1 7 3 4 18 5 6 2 15 0 11 16 9
15 12 11 19 3 0 14 4 1 13 18 8 17 2 7 5 16 6 10 9
4 6 5 7 1 2 13 3 9 18 16 15 12 0 11 17 10 8 14 19
19 17 18 12 5 15 0 8 4 1 6 10 13 16 14 2 7 11 9 3
16 15 18 8 1 7 17 10 0 9 12 14 11 5 13 6 3 4 2 19
12 11 1 0 8 6 15 3 17 9 7 19 13 18 14 4 16 5 10 2
9 1 19 16 7 5 17 11 8 0 2 3 18 4 12 15 10 14 13 6
10 5 15 16 2 9 4 0 8 19 14 13 1 12 17 18 11 3 7 6
8 5 9 19 2 11 18 4 3 7 12 1 6 10 14 15 16 0 17 13
4 6 12 5 9 15 0 16 11 3 7 8 17 18 13 19 2 10 14 1
16 15 10 3 5 14 12 18 13 0 1 8 19 17 7 4 2 11 6 9
11 5 3 4 0 9 16 17 13 12 18 10 2 1 14 19 7 15 8 6
15 2 11 12 5 1 10 3 7 14 18 19 13 4 17 8 6 9 0 16
16 17 13 2 1 6 14 4 18 15 19 0 12 8 9 10 5 3 11 7
14 0 17 19 18 11 4 3 12 15 10 13 16 9 7 2 1 5 6 8
16 15 14 6 4 5 1 19 0 10 2 12 17 13 8 9 3 7 11 18
14 3 5 18 6 16 1 19 10 2 12 9 0 4 17 7 13 11 15 8
10 16 7 11 14 5 13 12 17 6 9 2 3 1 8 15 18 0 19 4
5 15 13 16 18 19 8 11 4 6 3 2 0 17 1 10 12 14 9 7
13 0 11 7 18 5 6 8 14 4 9 10 19 15 1 2 3 12 17 16
5 11 13 9 17 3 14 12 19 4 16 1 15 2 18 0 10 8 7 6
1 7 15 9 19 5 17 8 2 11 3 12 6 0 14 10 16 13 18 4
12 13 6 18 8 2 14 1 16 4 7 9 0 19 5 11 10 3 17 15
5 13 9 11 10 16 4 18 0 17 8 3 14 2 7 19 12 6 15 1
10 1 17 2 19 14 0 8 15 16 3 9 18 4 12 7 6 5 11 13
19 13 3 7 10 6 9 2 14 11 17 12 4 16 5 15 18 8 0 1
16 12 14 19 9 8 15 18 0 6 2 11 13 7 4 3 1 5 17 10
4 3 10 15 11 5 0 12 14 1 2 19 16 18 8 6 7 17 9 13
1 19 5 14 12 13 18 9 7 16 0 6 10 15 17 4 11 2 8 3
4 6 3 13 1 10 2 5 18 16 17 7 15 8 9 19 0 14 11 12
19 6 0 3 5 4 12 8 2 7 17 18 9 1 10 14 13 16 15 11
9 18 12 10 1 2 13 6 8 17 7 4 11 3 0 15 19 16 14 5
11 1 2 15 13 8 4 10 16 14 12 17 18 6 5 0 3 19 7 9
16 12 10 2 6 18 9 17 0 1 15 4 19 11 7 13 8 5 14 3
13 5 8 19 9 15 1 10 4 17 18 14 2 0 7 3 16 12 11 6
14 2 3 6 12 5 16 19 4 1 9 7 0 15 11 17 18 13 10 8
2 11 0 15 19 6 4 3 17 14 9 16 18 8 1 13 5 7 10 12
6 15 9 0 14 8 13 1 4 5 17 18 12 10 19 11 2 7 16 3
13 2 12 3 5 6 17 19 8 10 16 0 15 11 18 9 7 1 4 14
19 7 15 14 10 9 4 17 13 2 8 6 11 1 18 16 3 0 12 5
12 0 17 18 6 5 11 3 2 10 15 7 9 13 8 1 4 14 19 16
3 0 14 5 4 15 2 17 12 10 16 7 6 11 8 9 19 13 18 1
7 4 15 13 11 9 1 8 6 0 12 18 19 14 3 16 10 2 17 5
7 4 1 19 6 14 13 12 0 17 11 18 5 15 10 8 9 3 16 2
1 9 5 14 17 0 3 2 18 13 4 11 12 6 8 19 7 10 16 15
1 18 12 0 5 11 9 14 2 15 8 6 3 17 10 13 7 4 19 16
8 19 18 7 4 16 6 15 9 12 1 14 17 2 10 3 0 13 11 5
7 2 1 6 11 12 14 18 9 15 3 8 17 16 19 0 13 4 5 10
16 3 5 10 15 8 6 14 13 19 18 7 17 11 2 0 4 12 1 9
5 11 1 0 16 10 6 2 7 8 12 14 18 4 15 19 17 9 13 3
8 3 2 14 0 1 16 6 11 9 4 18 19 10 5 17 13 7 12 15
2 16 9 6 19 3 0 7 12 17 18 5 14 10 4 13 15 11 1 8
11 7 15 14 2 0 1 4 12 9 3 19 16 5 17 10 13 18 8 6
15 11 8 14 3 13 18 0 4 6 1 17 19 12 9 5 2 7 16 10
6 17 5 0 7 15 18 19 1 12 2 10 4 8 3 9 14 16 13 11
16 6 17 5 11 9 13 19 1 14 2 7 8 18 0 15 4 12 10 3
3 5 17 15 6 13 12 16 14 10 0 18 1 7 8 11 4 19 2 9
12 15 19 3 10 16 2 18 11 7 9 8 17 13 0 1 4 5 14 6
5 6 12 3 4 10 15 0 17 14 19 8 7 16 9 13 1 11 2 18
1 17 18 15 0 14 5 11 8 3 16 6 2 9 13 4 12 7 10 19
8 6 1 10 5 12 0 11 2 3 4 15 17 13 19 18 7 14 9 16
0 14 18 15 5 7 12 11 10 16 6 9 19 2 3 8 17 4 13 1
10 2 18 13 11 9 14 4 15 12 19 17 1 3 6 16 0 8 7 5
10 4 7 18 8 9 17 19 1 14 16 15 11 13 5 0 2 3 12 6
0 3 1 19 15 8 16 11 13 10 5 9 6 7 17 12 14 4 18 2
10 6 8 2 7 15 13 9 18 12 16 1 17 11 14 5 4 3 19 0
18 12 6 19 15 16 1 2 7 3 17 4 0 9 11 13 14 10 8 5
9 15 8 14 0 7 3 18 4 13 2 12 6 19 5 16 11 17 10 1
16 18 15 0 6 2 12 14 3 11 9 13 7 8 5 19 10 17 4 1
9 6 12 18 15 11 17 3 7 14 10 0 4 16 19 8 1 2 13 5
16 13 17 14 12 15 18 8 19 6 2 11 5 10 0 3 4 1 9 7
16 2 14 3 19 9 6 17 15 0 7 11 5 12 18 8 10 1 13 4
13 9 1 18 7 12 19 2 11 6 17 3 16 14 15 4 8 0 5 10
3 19 9 16 14 5 4 6 15 11 1 7 8 10 2 13 0 17 18 12
11 7 15 16 3 2 12 5 17 19 14 6 9 10 8 18 0 13 1 4
8 15 13 14 18 16 19 0 7 17 12 11 4 1 3 9 6 2 5 10
17 8 2 11 9 4 10 15 5 19 0 14 6 16 18 3 7 12 1 13
0 18 12 4 8 14 5 6 16 13 2 7 9 15 17 1 3 19 11 10
9 15 14 12 7 3 5 19 0 2 1 8 4 16 6 18 10 11 13 17
19 4 10 18 1 17 0 8 5 9 14 6 12 7 2 15 3 13 16 11
4 11 9 17 0 12 14 1 19 13 2 3 15 16 6 8 10 7 5 18