8 10 5 0 7 2 14 12 3 15 18 9 11 16 4 13 19 17 6 1
3 4 6 10 16 5 13 18 1 0 14 9 15 7 17 12 8 2 11 19
0 8 13 5 2 9 18 1 14 6 17 15 3 19 12 10 7 4 16 11
12 9 14 19 16 2 0 6 1 13 17 8 7 5 10 15 4 11 3 18
9 17 12 18 13 8 15 10 6 14 19 4 5 2 0 11 7 3 16 1
11 5 18 0 9 16 19 15 4 7 8 3 17 13 2 1 14 10 12 6
7 3 9 10 13 19 6 14 5 16 0 1 2 18 4 17 8 12 15 11
4 5 9 18 10 8 11 0 16 13 12 14 19 7 15 2 1 17 6 3
17 4 8 3 7 13 12 14 9 0 5 10 15 19 2 1 6 16 18 11
0 8 19 18 13 7 17 3 15 6 2 14 9 4 16 5 11 12 1 10
10 12 1 6 2 5 0 13 16 17 3 18 8 15 11 7 14 4 19 9
6 7 5 10 1 3 18 2 15 16 4 14 0 11 13 9 8 19 17 12
18 2 4 15 7 5 11 3 13 6 0 9 17 16 1 19 8 14 12 10
17 13 14 19 0 4 9 6 5 1 8 12 18 7 3 11 10 16 15 2
15 1 13 8 19 17 6 2 9 0 14 7 4 5 16 18 10 3 11 12
8 12 5 2 19 0 15 14 4 18 11 1 17 3 9 10 16 7 13 6
14 6 16 9 11 12 13 4 2 15 19 17 5 18 3 10 7 1 0 8
12 2 13 16 11 18 19 17 15 7 1 8 3 0 4 14 10 6 9 5
14 6 9 18 3 13 2 15 19 17 12 5 1 7 0 10 4 8 11 16
14 19 5 3 12 15 16 13 9 18 10 1 7 17 0 4 11 2 8 6
11 7 14 13 3 17 9 8 0 5 4 19 6 15 10 16 2 12 1 18
7 18 17 0 1 16 12 9 14 6 8 3 4 15 2 19 13 5 11 10
1 5 16 3 17 2 15 6 4 9 11 8 13 10 14 12 18 0 7 19
1 0 16 10 8 14 2 17 6 5 11 13 4 9 15 12 7 19 3 18
14 0 5 18 10 7 17 13 2 19 6 15 3 16 11 1 12 9 4 8
10 7 14 6 13 11 15 9 4 8 19 12 16 1 5 3 0 18 17 2
0 5 10 2 1 8 9 4 12 6 11 18 3 7 13 16 19 17 14 15
18 17 16 8 19 6 10 14 2 15 7 9 3 4 0 12 1 11 13 5
18 7 6 14 5 8 16 19 3 2 17 4 1 13 0 15 10 12 11 9
19 1 11 17 7 3 4 6 18 16 15 9 12 5 0 8 10 2 13 14
2 13 5 16 0 11 7 17 9 15 18 6 14 3 19 10 12 8 1 4
10 4 5 0 8 9 1 6 17 13 7 16 11 3 19 14 12 18 15 2
17 10 12 7 19 2 15 9 0 11 3 5 8 14 4 1 16 6 18 13
15 2 16 6 4 8 14 1 11 13 17 12 18 7 9 0 19 5 10 3
6 4 5 18 7 9 0 15 17 1 11 12 3 2 10 13 16 19 8 14
5 14 0 8 11 6 4 15 16 3 13 2 19 9 7 18 17 1 10 12
15 6 2 12 1 9 4 17 5 3 10 0 18 14 13 8 16 11 7 19
6 9 2 0 10 11 8 18 13 7 3 14 15 16 4 17 19 12 1 5
0 1 7 9 12 2 6 16 5 3 19 10 4 13 8 15 17 11 18 14
2 18 8 0 3 5 9 15 7 11 4 16 10 14 12 6 1 17 19 13
7 5 11 2 8 15 12 18 14 17 3 16 10 1 0 19 9 6 4 13
15 16 7 3 9 1 17 0 14 8 2 10 19 6 11 13 18 4 12 5
3 13 16 10 2 0 15 17 4 5 8 7 9 11 18 19 14 12 1 6
7 8 3 19 1 12 11 2 5 0 16 18 14 17 15 4 6 9 13 10
1 19 12 8 10 14 11 9 2 18 0 5 13 7 6 15 4 17 16 3
16 14 10 11 9 17 13 18 12 2 1 4 0 8 15 5 3 7 19 6
7 15 11 1 13 3 14 9 4 10 6 8 2 18 12 19 5 0 17 16
8 1 10 3 12 17 15 7 16 9 4 5 19 11 2 6 13 0 18 14
9 18 4 14 12 5 6 8 17 10 2 15 3 19 1 11 7 0 16 13
5 8 14 10 12 0 4 11 2 1 13 15 17 19 16 9 18 6 7 3
3 15 9 5 18 7 1 17 12 0 6 19 11 14 4 8 16 13 10 2
15 13 1 7 0 4 17 9 19 5 18 11 16 14 8 3 6 2 12 10
12 9 8 2 18 1 19 4 10 0 13 17 15 16 6 11 3 14 7 5
17 18 14 8 12 5 11 2 1 15 7 16 10 6 13 9 0 3 4 19
5 12 16 11 0 8 10 4 7 3 2 13 17 1 14 15 18 19 9 6
19 11 2 3 14 10 1 12 9 6 18 13 5 8 7 17 0 15 16 4
9 8 4 1 5 12 16 19 3 10 15 14 2 6 11 18 13 0 7 17
12 16 2 18 3 5 4 11 13 14 10 1 9 6 17 15 7 0 8 19
17 2 5 11 16 12 14 3 15 13 4 1 6 9 18 10 7 0 19 8
18 13 1 3 0 14 12 6 11 8 15 16 7 19 9 10 4 2 17 5
7 6 16 0 2 5 19 15 1 10 8 14 18 4 3 13 9 11 12 17
17 8 19 13 9 16 7 0 3 18 10 2 1 6 11 14 4 15 5 12
1 10 7 0 15 16 17 9 13 5 2 3 6 11 12 14 8 18 19 4
9 14 17 18 13 12 4 15 7 3 5 19 0 6 1 11 8 16 2 10
1 9 4 5 7 8 15 13 12 10 3 0 14 19 2 6 16 18 11 17
1 8 16 19 9 2 12 17 0 10 5 3 11 18 15 4 6 13 14 7
16 5 6 9 8 15 7 17 1 10 2 14 0 18 12 13 3 4 11 19
15 18 16 19 2 14 6 7 5 12 3 0 11 17 1 8 9 10 13 4
12 18 15 11 8 7 3 1 2 5 17 16 10 14 13 9 4 19 0 6
12 10 4 2 5 7 9 11 19 18 14 17 15 3 0 13 8 6 1 16
15 8 4 14 19 13 5 17 1 0 9 3 11 6 10 7 12 18 16 2
12 3 6 10 18 14 11 15 0 17 1 13 4 9 19 5 2 16 7 8
14 4 2 10 17 6 0 7 19 1 11 3 16 15 8 13 12 9 18 5
17 18 9 4 5 2 8 13 6 15 12 3 14 1 0 7 16 11 10 19
12 11 3 1 0 18 8 16 14 19 13 10 9 4 17 5 2 7 6 15
17 11 2 14 19 10 3 6 8 9 13 0 15 1 16 5 7 12 4 18
18 19 3 17 1 5 4 10 2 7 12 14 9 15 8 11 13 16 6 0
11 0 13 14 19 3 7 4 6 10 2 5 8 12 9 17 15 16 18 1
7 17 3 9 4 8 19 15 14 2 0 11 13 16 10 5 12 6 1 18
11 17 9 1 10 12 4 0 13 6 19 5 2 7 3 14 16 8 15 18
15 0 2 9 3 7 6 12 17 4 19 14 18 5 11 1 16 8 10 13
12 16 10 13 7 19 2 6 1 15 11 0 5 9 4 17 3 18 8 14
19 5 10 15 8 7 6 1 14 9 16 0 11 12 17 18 3 2 13 4
10 13 9 14 18 5 19 15 3 8 6 4 7 1 17 11 12 0 2 16
2 15 11 14 8 16 19 7 4 1 0 12 9 13 18 6 5 10 17 3
4 2 3 15 8 11 18 17 16 12 1 13 14 19 5 7 0 10 6 9
12 0 4 8 19 6 5 10 9 15 7 18 3 14 2 13 11 17 16 1
13 15 19 5 4 7 18 16 3 11 12 2 9 0 10 1 14 8 17 6
14 13 16 8 6 10 11 0 9 15 17 18 7 1 3 4 19 5 12 2
6 3 12 13 2 15 0 10 19 18 9 1 7 17 4 5 11 16 8 14
2 14 9 6 4 16 11 8 12 13 1 18 0 7 17 3 15 5 19 10
16 8 9 12 18 11 13 5 4 19 6 1 17 15 7 2 3 0 10 14
15 16 11 18 14 10 5 0 7 3 6 8 9 12 1 17 2 4 19 13
14 12 6 8 4 16 5 19 15 11 17 1 2 9 13 18 3 7 0 10
10 11 14 12 4 9 5 18 17 3 1 7 16 13 6 0 2 8 19 15
16 6 3 15 7 4 12 9 8 13 2 10 1 19 14 0 18 5 11 17
5 19 8 4 0 1 14 18 13 7 17 11 2 6 3 10 15 9 16 12
9 6 16 4 19 5 18 11 13 15 1 2 7 8 3 14 17 12 0 10
4 6 5 7 8 0 17 9 13 19 12 14 11 16 1 3 10 2 18 15
17 14 2 12 7 9 8 5 16 18 0 3 13 15 19 4 11 6 1 10