10 17 18 2 0 19 15 5 4 9 14 1 13 3 7 16 8 11 12 6
6 10 0 3 17 9 19 5 4 12 14 18 7 8 15 11 13 2 16 1
5 1 15 4 13 11 9 6 19 8 0 12 10 17 16 2 18 3 14 7
10 19 14 0 2 12 13 4 11 5 8 15 7 16 1 6 9 3 18 17
12 14 16 1 11 4 7 13 15 8 18 17 9 10 2 6 19 5 0 3
13 14 10 11 1 2 15 4 3 6 17 19 18 12 16 0 8 5 9 7
1 10 16 7 3 2 12 17 5 6 18 9 15 0 11 13 8 4 14 19
9 13 10 14 4 12 2 18 0 11 7 3 19 1 17 8 16 5 6 15
2 3 6 15 13 5 11 18 4 7 0 10 9 17 12 1 14 19 8 16
0 5 15 3 18 7 14 9 16 19 2 6 11 12 13 4 1 8 10 17
14 18 13 2 8 10 19 15 9 3 1 17 5 4 16 12 6 11 7 0
11 16 15 4 9 10 7 5 2 8 13 14 12 6 19 1 0 18 3 17
8 19 5 12 10 15 3 4 13 9 17 1 16 2 14 0 6 11 18 7
5 10 14 7 3 13 16 11 15 6 17 12 4 8 1 0 9 18 19 2
2 3 15 14 19 7 11 4 16 10 17 9 12 1 5 8 0 6 18 13
18 12 9 17 14 2 3 16 15 7 13 4 0 8 11 19 1 6 5 10
16 12 4 18 3 17 7 2 13 5 9 19 14 10 0 8 11 1 6 15
6 7 8 15 2 3 11 18 0 4 9 17 19 13 12 10 16 1 14 5
8 6 17 12 15 5 0 3 16 7 9 13 10 4 14 11 1 18 19 2
9 5 0 6 3 11 13 15 1 7 14 2 17 8 16 18 12 19 4 10
15 7 6 9 18 3 0 19 16 10 12 11 4 2 8 14 17 1 13 5
9 11 10 3 13 17 2 0 12 8 1 6 4 7 19 15 16 14 18 5
9 18 14 19 0 8 11 10 12 3 7 16 17 5 15 1 6 4 2 13
0 11 2 1 12 5 14 4 16 10 17 9 3 8 13 7 15 6 19 18
9 7 0 2 1 11 3 14 19 12 13 4 17 18 10 6 5 15 8 16
16 15 18 9 8 4 13 6 12 10 11 3 5 0 1 17 19 2 14 7
19 10 5 3 2 0 13 18 8 4 6 7 15 9 17 14 16 1 11 12
3 19 16 8 4 17 11 2 10 13 7 15 1 6 0 18 5 14 9 12
4 7 16 11 9 6 14 3 18 10 19 0 13 1 2 8 15 12 5 17
10 15 14 4 8 18 3 13 17 5 12 7 6 2 9 11 19 16 1 0
15 7 4 14 1 17 0 9 18 2 10 16 8 19 11 5 12 6 13 3
17 13 8 9 10 5 19 0 14 6 2 12 11 18 16 3 15 7 1 4
9 8 7 15 1 2 18 5 4 3 19 0 6 17 14 13 11 10 12 16
10 19 1 6 4 13 12 0 11 14 5 9 2 7 3 8 18 15 17 16
8 19 4 18 12 11 14 2 10 0 16 9 1 6 5 17 7 13 15 3
19 4 11 0 16 12 18 3 15 1 14 2 6 9 10 5 7 17 13 8
19 13 4 0 9 10 3 8 14 18 1 2 15 17 12 6 5 16 7 11
5 1 12 3 0 14 7 9 18 2 19 4 6 13 17 15 8 16 11 10
10 12 0 17 16 5 9 14 19 8 6 13 4 1 15 2 7 3 11 18
8 2 18 9 6 4 11 0 5 10 17 16 3 19 7 14 13 12 1 15
5 12 19 7 9 14 15 10 0 16 13 18 3 8 17 4 6 1 11 2
4 18 7 12 17 13 19 0 9 8 3 5 2 10 6 14 15 11 1 16
19 13 6 7 9 18 15 5 16 11 0 17 1 12 3 8 2 4 10 14
0 19 14 2 13 12 3 15 17 7 4 11 9 10 1 8 6 18 16 5
2 7 10 0 12 16 1 13 9 8 19 15 14 17 4 3 6 18 11 5
7 15 11 6 18 13 2 12 10 19 17 5 16 14 4 3 9 1 8 0
11 7 19 5 1 15 13 17 2 0 9 8 6 12 3 10 16 4 18 14
12 13 2 3 15 7 11 8 0 19 5 18 1 6 16 17 4 14 9 10
15 0 2 19 13 9 14 11 4 10 7 16 8 17 5 3 18 12 1 6
4 10 9 0 5 11 14 3 13 8 17 1 18 15 12 7 6 2 19 16
3 6 5 0 15 2 13 1 11 4 19 9 18 17 16 8 10 7 12 14
7 14 16 19 11 12 15 6 8 18 5 0 4 13 17 9 10 2 1 3
7 15 8 18 13 17 14 10 19 9 1 5 2 0 4 12 6 11 16 3
7 13 4 3 0 10 12 1 16 19 6 14 2 15 8 17 5 18 11 9
18 2 14 11 6 9 5 12 1 10 13 0 4 17 3 8 7 16 19 15
10 4 9 1 19 17 18 7 12 6 15 3 2 13 16 5 0 11 14 8
9 2 5 15 12 17 18 1 8 10 11 0 4 14 19 3 6 13 16 7
3 15 9 19 11 17 10 6 8 16 4 13 2 12 14 1 5 0 7 18
19 15 18 5 17 14 16 1 9 0 6 12 3 10 13 11 7 4 8 2
11 5 12 7 4 1 17 18 8 15 10 2 9 3 14 6 0 19 16 13
15 17 18 1 3 6 19 14 16 13 9 11 0 5 4 2 12 10 7 8
5 17 2 13 4 19 18 1 12 16 10 11 8 6 7 3 0 14 9 15
12 7 16 9 6 8 18 14 5 17 4 13 19 11 10 0 2 1 15 3
19 2 7 3 8 16 9 18 1 10 11 5 12 0 6 14 13 17 4 15
5 7 3 12 14 8 1 19 17 11 9 18 2 0 10 16 4 6 13 15
12 3 0 9 15 6 8 16 17 19 7 14 10 18 11 13 5 2 1 4
16 8 18 3 13 9 10 6 4 11 5 12 17 14 7 19 0 2 15 1
13 0 3 14 6 5 8 11 4 9 12 7 18 16 17 1 10 19 2 15
14 13 18 1 11 8 2 6 15 12 5 19 17 3 16 4 9 10 7 0
19 15 5 10 12 13 0 3 6 11 16 9 17 8 1 14 2 7 4 18
15 11 12 19 1 7 13 6 17 18 10 14 0 9 16 5 8 2 3 4
4 16 9 6 13 0 7 18 10 17 8 15 19 3 2 14 5 12 11 1
3 12 4 0 10 2 7 1 17 15 6 11 19 8 5 9 13 16 14 18
8 0 16 2 19 4 5 6 15 9 7 1 12 13 17 11 3 14 10 18
10 17 18 7 3 14 5 2 0 1 6 4 19 9 8 16 15 12 11 13
5 3 2 9 1 8 11 13 0 14 10 12 16 7 4 6 18 17 15 19
13 0 14 6 11 12 5 7 18 10 9 19 17 4 16 3 1 2 15 8
8 2 6 7 19 11 9 13 10 4 14 18 3 5 15 12 1 0 17 16
5 18 14 3 0 15 11 9 6 2 1 4 8 12 17 13 10 19 7 16
6 18 15 16 9 13 1 14 3 17 19 0 12 5 8 2 4 11 10 7
0 17 6 12 11 16 18 5 9 8 13 2 3 7 15 4 14 10 1 19
16 9 2 14 1 15 17 7 3 5 4 11 6 18 8 19 10 13 12 0
4 10 0 14 2 11 1 3 12 9 18 6 15 13 7 8 19 5 17 16
17 14 10 4 9 2 3 15 11 0 16 1 5 7 13 8 6 18 19 12
17 11 0 7 13 10 4 16 15 9 1 3 5 6 12 19 18 2 8 14
3 11 10 19 7 15 6 9 17 13 16 8 2 14 4 18 1 12 5 0
15 12 18 7 13 11 2 14 5 16 3 17 9 1 6 4 0 19 10 8
13 17 14 18 5 8 16 11 3 7 15 2 9 1 12 4 0 10 19 6
7 4 3 1 18 12 2 13 9 14 8 5 6 16 11 19 0 15 17 10
2 19 11 6 17 15 0 13 7 8 10 3 12 16 4 9 5 14 1 18
8 3 17 16 1 14 2 0 4 9 7 18 13 12 10 5 6 15 19 11
17 13 7 12 18 8 14 6 3 2 16 9 11 5 10 0 19 15 1 4
15 12 5 19 11 8 6 0 16 9 14 2 10 1 3 4 17 18 7 13
11 2 6 5 19 3 18 8 0 7 10 12 15 14 1 16 4 17 13 9
1 4 16 14 13 7 9 2 8 5 3 6 15 10 11 0 12 17 18 19
5 0 3 9 2 17 19 6 14 18 10 15 4 13 8 1 7 11 12 16
12 6 3 8 16 13 0 1 18 9 11 15 5 2 4 17 10 19 14 7
9 4 10 8 14 0 12 17 18 19 11 7 13 1 16 2 5 6 15 3
2 7 15 5 9 6 8 4 12 0 3 16 11 14 19 13 18 1 10 17
1 3 12 15 8 6 13 7 5 14 18 4 9 19 11 10 2 17 16 0