1 0 11 9 19 8 6 14 17 13 15 7 10 2 5 18 4 12 16 3
15 1 14 9 17 11 12 3 10 7 13 19 8 16 6 0 2 18 4 5
14 9 2 0 3 6 18 8 16 19 7 12 5 4 10 15 1 13 11 17
4 9 11 8 1 18 13 16 7 12 15 10 17 14 2 5 3 19 6 0
17 9 18 14 2 0 10 7 16 11 6 4 19 8 12 13 15 1 3 5
8 11 4 7 9 16 18 15 17 19 5 6 3 2 13 12 10 0 14 1
11 1 16 3 10 0 5 6 17 18 15 7 19 13 4 12 2 14 9 8
13 14 17 2 5 16 3 6 9 15 18 7 4 11 10 8 0 1 19 12
11 9 7 16 10 18 13 12 17 6 0 4 15 5 2 1 19 8 3 14
0 10 7 13 19 9 2 11 15 14 8 12 17 5 18 3 4 1 16 6
17 2 15 8 12 9 18 16 13 7 6 19 5 1 3 10 4 0 11 14
8 2 1 18 4 11 10 17 14 9 19 13 6 5 0 16 12 3 15 7
2 12 16 5 9 14 18 10 1 7 17 4 13 8 6 0 3 15 19 11
10 8 19 2 1 17 12 18 13 14 15 4 3 11 9 6 5 0 16 7
18 15 19 9 7 1 12 3 2 11 17 16 10 0 5 4 13 6 8 14
4 8 3 7 18 16 11 13 10 5 15 17 19 9 2 1 0 14 6 12
7 1 17 0 3 14 15 18 8 13 19 2 6 16 9 12 11 4 5 10
8 15 7 19 18 17 16 6 11 10 3 12 9 0 5 14 1 4 2 13
19 7 17 6 1 4 0 8 3 11 9 12 10 2 15 14 16 5 13 18
11 8 16 19 2 10 0 9 14 17 1 3 18 13 12 5 6 4 7 15
5 11 18 2 10 15 16 8 12 1 0 14 19 4 7 6 13 17 3 9
1 12 13 14 9 8 7 5 17 0 15 10 18 6 11 4 16 3 2 19
13 2 14 17 6 10 11 0 4 7 5 18 16 19 1 15 8 9 3 12
14 15 1 11 7 13 17 12 9 3 10 6 16 18 5 8 0 2 19 4
15 12 3 13 18 5 14 19 17 1 7 16 9 2 11 0 10 4 8 6
3 9 19 17 15 2 10 16 12 11 7 14 18 8 1 13 5 4 6 0
12 18 8 10 9 13 19 16 4 1 3 15 11 5 14 6 0 7 2 17
0 10 11 5 16 15 7 3 18 4 13 1 6 2 12 9 17 8 19 14
9 7 0 3 4 15 13 17 2 6 10 19 11 5 12 1 14 8 18 16
8 3 4 7 11 6 18 14 16 19 2 1 12 15 10 13 5 17 0 9
11 14 1 15 2 10 4 16 3 9 5 12 18 7 17 8 19 0 6 13
13 8 18 19 6 9 5 1 16 11 0 2 4 14 15 12 10 3 7 17
0 14 6 19 1 3 16 18 10 2 9 8 11 15 7 4 5 13 17 12
2 3 17 14 5 18 1 0 8 16 7 12 19 11 9 15 4 10 6 13
18 9 16 3 2 11 4 5 0 12 10 15 6 8 14 7 17 19 1 13
18 5 7 10 12 19 16 17 11 3 8 4 0 14 15 9 6 2 13 1
17 7 12 4 15 6 18 5 2 16 11 19 8 10 3 1 13 9 0 14
10 6 18 4 9 16 14 2 7 13 11 19 1 8 5 3 12 17 0 15
3 1 18 5 17 4 2 10 7 14 19 0 13 12 16 9 15 11 6 8
14 4 1 12 10 3 19 7 9 8 11 18 5 2 13 6 0 17 15 16
11 3 1 0 7 12 16 19 14 4 15 5 10 2 17 9 13 8 18 6
8 10 17 13 4 19 6 2 3 5 1 14 11 7 18 15 16 0 9 12
10 15 9 7 16 13 8 5 2 17 0 12 14 19 6 18 1 4 11 3
18 3 11 9 10 0 12 7 6 4 2 1 14 17 13 8 19 5 16 15
10 12 17 1 11 9 15 6 19 2 16 18 14 13 5 7 3 8 4 0
5 16 11 8 17 4 10 6 3 14 2 7 12 9 15 1 13 0 19 18
10 11 1 16 0 3 7 19 14 17 9 4 18 8 15 12 13 5 6 2
15 10 16 11 8 0 19 5 17 7 14 12 3 1 13 9 18 2 4 6
19 2 9 12 6 11 5 16 10 15 8 7 4 13 3 1 18 17 0 14
14 4 12 16 0 9 17 2 7 6 19 1 5 3 11 13 10 8 18 15
7 0 9 13 4 11 2 10 19 1 14 3 8 5 6 12 15 18 16 17
16 7 5 10 9 13 1 3 14 15 8 12 18 0 19 11 2 17 4 6
11 3 14 2 6 9 7 19 8 15 10 12 13 18 5 16 1 0 17 4
8 10 3 16 0 6 9 11 7 1 19 17 14 4 2 13 18 5 15 12
19 11 7 12 3 16 14 6 8 10 15 0 9 13 18 17 5 4 1 2
10 14 15 12 1 8 9 18 11 2 17 5 6 19 3 4 13 7 16 0
3 8 13 12 18 15 4 7 6 16 5 9 19 2 10 11 14 0 1 17
1 3 2 7 15 0 6 5 12 4 16 9 11 17 8 18 14 19 13 10
15 18 8 5 3 4 10 14 16 7 2 19 9 13 12 0 11 6 1 17
1 3 9 6 0 16 18 4 10 15 14 19 8 12 11 2 5 17 7 13
17 3 19 13 12 1 6 16 9 10 7 18 11 8 5 2 15 0 4 14
2 4 5 0 7 3 16 11 6 8 18 10 17 12 1 14 15 13 19 9
14 5 8 3 11 15 4 13 16 1 7 12 19 9 6 2 10 0 17 18
18 0 11 2 1 4 15 16 17 3 10 5 19 9 8 14 6 12 7 13
9 0 15 13 12 18 14 6 10 7 16 1 11 5 8 2 19 4 17 3
13 7 11 2 4 10 6 19 8 0 17 1 18 14 3 9 15 12 16 5
7 9 12 11 3 2 18 13 10 1 14 16 8 6 0 4 17 5 19 15
13 16 1 19 14 11 15 4 18 5 10 0 9 7 2 12 6 8 3 17
15 10 12 13 5 17 2 6 11 0 3 1 7 19 8 14 16 4 9 18
11 4 15 8 13 14 2 3 7 10 6 0 5 12 9 16 17 19 1 18
10 9 11 19 12 7 18 6 8 14 16 0 2 3 1 5 15 17 13 4
10 18 15 19 3 1 16 2 5 13 14 12 0 7 8 11 17 9 6 4
18 10 2 6 7 1 4 5 0 17 15 3 11 9 14 16 12 13 8 19
14 18 19 11 6 16 10 15 5 1 13 8 3 12 17 7 9 2 0 4
1 14 2 18 6 3 0 4 11 12 19 13 17 16 8 5 9 7 15 10
16 1 11 17 12 9 14 0 6 18 7 3 13 19 5 4 15 8 2 10
4 3 0 8 12 2 16 18 14 17 15 6 5 11 10 13 19 7 9 1
13 9 1 12 11 18 6 8 7 2 16 5 19 3 10 0 15 4 14 17
11 19 0 12 5 18 10 17 9 2 3 6 7 16 1 13 14 4 15 8
6 13 7 19 1 14 15 3 17 11 2 12 9 8 0 10 18 4 5 16
4 7 13 9 5 6 0 15 17 14 10 19 11 2 16 8 18 1 3 12
12 18 3 13 7 10 4 6 9 8 2 5 11 19 16 17 1 14 15 0
18 15 11 7 10 14 6 16 3 2 0 4 13 9 1 8 19 5 12 17
7 18 6 4 1 9 19 17 16 2 15 5 13 8 3 14 0 12 11 10
7 0 11 14 9 2 10 3 4 1 13 8 17 16 15 19 5 18 6 12
13 14 11 7 19 1 6 15 18 4 8 5 10 3 16 12 17 9 0 2
2 6 10 8 11 15 13 5 19 18 7 12 9 1 14 3 0 17 16 4
15 7 14 0 12 3 6 19 13 9 11 10 5 2 18 17 1 8 16 4
19 4 15 13 11 7 0 3 14 6 12 17 2 16 18 1 5 9 10 8
4 0 11 10 15 8 9 16 7 6 2 19 14 12 5 1 3 18 13 17
1 2 10 4 7 14 9 11 19 18 8 5 12 0 16 3 15 17 13 6
7 18 2 15 10 11 13 17 9 19 14 1 4 6 16 5 8 12 0 3
7 8 14 15 1 10 16 3 13 0 6 2 5 17 9 4 19 18 11 12
12 17 5 18 16 1 7 2 0 10 11 3 14 9 19 13 15 4 6 8
17 10 19 4 3 8 1 5 14 12 9 2 13 18 11 16 6 0 7 15
5 11 1 6 16 14 9 15 13 3 18 7 0 2 19 17 10 4 12 8
1 3 13 17 14 19 11 6 8 10 16 12 15 7 0 9 18 5 2 4
2 3 13 4 17 14 12 19 18 15 9 11 5 10 8 0 1 7 16 6
12 14 11 5 1 6 16 9 18 13 0 10 17 3 15 4 7 19 2 8
1 11 14 0 18 13 4 19 5 12 7 16 17 15 8 2 3 6 9 10