11 7 18 15 0 8 19 6 13 14 17 2 4 1 16 3 9 5 12 10
0 14 7 1 11 16 6 4 8 5 13 18 9 17 15 12 19 10 2 3
15 4 10 14 5 13 9 19 8 16 7 12 11 1 3 6 0 2 18 17
0 5 11 7 6 10 4 18 3 8 14 9 17 2 19 13 1 16 15 12
3 10 1 13 18 19 5 11 6 17 8 14 9 16 4 12 2 0 15 7
3 1 17 16 2 5 14 12 11 7 13 19 15 10 0 6 18 8 9 4
17 13 18 1 9 8 11 4 16 5 3 10 2 12 14 0 6 7 19 15
19 14 16 17 7 9 11 2 15 3 18 5 12 6 1 4 8 13 10 0
10 3 5 8 14 4 16 2 17 15 18 7 12 9 19 13 0 11 1 6
15 2 7 11 12 4 17 8 0 10 14 5 9 6 3 19 13 1 18 16
16 4 1 17 5 12 15 0 14 13 18 2 19 11 3 7 8 9 10 6
15 6 7 3 19 13 14 0 12 11 17 2 4 16 1 18 10 8 9 5
10 0 7 13 4 17 2 15 14 12 5 9 18 16 19 3 1 8 11 6
8 2 7 16 18 12 11 19 15 4 14 9 3 17 6 5 10 1 13 0
18 11 13 16 17 6 0 14 12 3 15 2 8 19 4 7 10 5 9 1
13 12 9 0 17 15 1 19 6 7 5 18 14 4 16 11 2 10 3 8
13 18 9 4 1 8 17 16 5 14 19 15 3 10 7 2 6 0 12 11
13 10 12 0 19 14 18 8 5 3 11 1 9 2 16 17 6 7 15 4
10 4 3 17 13 1 2 0 12 6 7 15 8 16 9 11 18 5 19 14
18 6 9 13 19 14 3 5 12 1 4 17 7 8 2 10 16 11 15 0
15 13 1 4 19 14 18 5 8 16 10 12 6 17 7 11 3 2 0 9
9 17 5 18 8 12 14 13 0 10 6 11 1 7 4 3 19 15 2 16
1 7 17 11 9 14 18 2 15 0 4 19 10 5 12 6 16 8 3 13
19 10 13 18 7 12 11 15 3 16 9 4 0 6 2 14 17 5 1 8
6 9 17 2 11 16 4 1 13 0 10 12 18 15 5 14 19 8 3 7
10 1 14 7 15 4 13 2 5 17 0 8 18 6 12 11 9 16 3 19
8 12 13 7 5 6 19 11 3 1 9 15 17 16 10 4 14 2 18 0
17 18 1 8 16 7 5 0 11 9 4 15 12 19 2 3 13 14 6 10
6 8 7 0 16 5 18 13 9 1 2 3 14 17 10 19 15 12 4 11
10 15 7 13 9 2 8 6 1 17 11 19 5 12 4 14 3 16 0 18
17 1 4 11 13 14 9 19 6 7 15 10 0 18 8 5 3 2 12 16
10 7 13 8 9 3 12 15 6 17 19 18 4 14 16 2 1 0 11 5
14 8 7 5 13 10 6 2 18 16 15 9 3 4 11 19 0 1 17 12
9 13 16 6 10 19 12 4 17 3 5 18 11 15 7 1 0 8 2 14
9 12 6 8 11 10 3 4 15 7 14 17 1 18 19 2 5 16 13 0
12 13 11 1 10 14 19 7 6 9 8 2 5 18 0 17 15 3 4 16
1 15 12 18 10 9 13 3 8 7 5 2 19 0 14 6 4 17 16 11
14 11 2 9 10 13 15 18 3 7 17 16 5 4 1 12 6 0 8 19
14 1 13 8 6 10 7 0 9 19 16 4 15 17 2 18 3 12 11 5
2 5 16 18 0 7 13 3 4 19 8 12 17 15 14 6 1 11 10 9
9 12 6 19 2 11 1 17 13 8 7 15 4 18 10 16 0 5 3 14
14 11 3 9 6 17 4 13 19 16 10 0 7 15 18 12 5 1 2 8
12 18 6 7 13 1 19 0 10 9 15 17 11 8 5 3 16 2 14 4
18 1 10 4 7 2 14 13 3 16 12 5 6 11 19 15 17 8 9 0
7 4 6 16 12 1 18 0 8 17 19 5 13 3 10 2 14 11 9 15
16 4 1 2 0 17 6 8 9 3 12 10 7 18 13 11 5 19 14 15
17 3 2 4 8 19 16 6 15 1 10 5 7 13 12 18 0 14 9 11
16 17 4 13 18 15 7 5 0 14 8 6 9 10 1 3 12 19 11 2
3 8 7 15 9 12 17 4 2 5 11 14 6 1 13 10 0 16 18 19
3 0 17 10 4 13 18 7 9 15 2 14 5 6 8 12 19 11 16 1
12 8 6 11 3 16 10 19 1 7 15 9 2 14 13 4 0 17 18 5
17 3 2 7 1 10 6 14 19 11 13 8 4 0 5 18 16 9 15 12
1 8 7 11 15 14 10 6 9 13 17 5 4 16 18 3 2 19 12 0
4 11 8 17 3 13 9 2 0 1 5 16 15 10 12 6 14 7 18 19
18 6 17 11 3 13 9 15 8 12 5 10 2 19 16 7 14 0 4 1
13 19 7 9 2 11 14 0 16 15 1 10 4 5 3 17 18 6 8 12
11 8 10 16 12 7 15 4 14 17 19 1 5 9 2 6 18 3 13 0
4 17 6 10 16 7 2 19 11 13 3 1 8 5 0 12 15 18 14 9
17 2 7 4 9 15 19 16 5 12 11 3 1 0 8 6 10 14 18 13
12 4 19 5 17 6 14 11 0 18 8 2 13 7 1 10 3 15 16 9
7 19 12 3 15 10 2 5 0 9 18 17 1 8 6 11 16 14 13 4
7 8 4 3 18 19 11 14 6 0 16 5 17 9 10 12 15 1 2 13
17 13 19 6 3 18 12 9 16 8 5 1 7 14 11 4 15 2 0 10
16 2 11 7 12 14 9 17 0 10 4 1 6 13 19 8 5 3 15 18
16 9 7 18 11 8 4 3 2 15 1 0 19 5 10 12 13 14 17 6
4 1 17 6 8 13 19 0 14 9 3 12 10 5 18 7 16 15 2 11
12 6 16 0 2 19 4 8 7 14 5 3 18 11 15 10 13 17 1 9
15 18 11 13 19 7 1 2 16 8 14 17 4 9 12 10 3 6 5 0
2 13 11 12 4 17 7 14 6 8 5 3 15 16 19 18 9 1 10 0
9 6 7 8 14 2 3 4 18 16 15 12 0 13 10 19 17 11 5 1
9 2 12 15 8 13 1 19 5 16 14 7 4 10 11 18 17 6 0 3
6 18 11 8 4 7 19 9 5 2 17 15 0 1 16 10 13 3 12 14
12 16 8 19 17 0 14 6 18 1 5 4 9 13 7 15 3 2 11 10
10 1 2 8 7 12 4 19 16 5 6 14 9 3 18 17 11 15 0 13
7 14 12 5 10 13 3 16 2 1 4 19 15 0 11 18 9 17 6 8
1 13 17 0 19 12 15 16 10 18 4 6 5 2 14 3 8 11 7 9
13 4 7 9 8 18 2 19 12 6 17 14 0 16 5 15 11 1 10 3
14 3 1 4 17 7 16 0 8 11 10 6 12 18 5 13 9 2 15 19
12 13 11 18 9 8 2 4 5 0 14 6 10 17 7 1 3 15 16 19
18 5 7 3 19 11 1 13 9 8 6 2 14 12 4 16 0 17 10 15
6 16 10 19 13 0 15 9 12 8 17 7 4 18 14 5 2 1 11 3
17 15 10 13 11 18 9 1 5 0 7 4 12 16 14 3 2 8 19 6
2 3 8 1 13 15 19 7 6 10 5 14 0 4 11 17 9 12 16 18
15 5 1 11 16 0 4 7 13 18 8 17 12 9 6 10 3 2 19 14
6 0 3 14 12 9 8 16 4 18 13 1 10 7 5 19 15 2 11 17
2 10 19 13 11 0 17 4 12 9 5 18 1 6 14 8 7 16 3 15
7 10 4 6 12 15 16 17 11 9 1 2 19 8 18 13 14 0 5 3
7 12 3 14 10 2 15 18 16 9 5 1 11 8 19 4 17 6 13 0
17 6 8 11 7 13 0 5 1 10 16 4 9 3 18 15 19 14 12 2
15 1 7 19 10 6 5 17 2 16 8 14 13 3 4 9 11 0 18 12
17 5 19 4 16 7 13 10 11 2 8 14 9 15 18 1 0 6 3 12
17 18 19 7 6 13 15 1 16 9 8 5 14 3 11 12 0 4 2 10
8 2 13 6 18 3 19 7 0 4 1 9 10 5 14 17 12 11 15 16
14 7 17 18 4 9 12 13 10 5 6 11 0 8 19 15 1 3 16 2
18 4 1 13 6 3 16 0 8 14 11 19 9 7 17 2 10 5 12 15
16 19 13 18 7 10 17 3 9 6 0 4 8 1 15 14 5 12 2 11
10 0 1 9 3 18 13 7 8 5 15 2 17 6 11 16 12 14 19 4
4 9 3 10 8 6 12 18 17 16 7 11 15 13 19 5 0 14 1 2
5 19 0 13 16 6 17 10 15 1 3 14 2 8 9 7 12 18 4 11
4 7 14 8 13 12 11 1 17 9 19 0 2 16 6 15 3 10 5 18