14 0 15 16 6 19 4 13 1 8 17 5 10 12 11 18 9 3 7 2
2 13 19 11 16 4 6 17 5 8 10 12 15 1 0 3 7 18 14 9
10 6 2 16 7 3 13 9 14 19 4 8 17 11 0 1 18 5 15 12
12 9 18 4 19 14 3 6 13 5 1 16 17 10 2 0 7 15 8 11
16 2 8 6 14 12 0 19 3 11 7 10 18 13 5 15 17 4 1 9
19 8 1 13 17 3 10 2 9 12 7 5 15 4 14 6 16 11 0 18
17 2 14 10 0 19 7 3 18 8 13 15 6 11 4 9 5 16 12 1
6 19 12 11 13 10 8 7 9 0 4 1 3 15 16 18 5 2 14 17
14 16 6 0 19 5 9 18 2 3 17 8 10 1 12 15 11 7 13 4
13 5 16 4 6 19 15 1 9 14 7 11 8 17 2 12 0 10 3 18
10 5 1 2 6 18 9 11 8 12 3 17 13 7 14 15 4 19 0 16
7 5 17 10 3 8 14 4 13 6 16 0 12 18 2 11 19 15 1 9
19 5 3 0 8 7 2 1 9 15 17 16 10 4 18 12 14 6 11 13
19 4 16 17 7 5 2 15 9 8 1 18 6 10 0 14 12 3 11 13
3 0 8 14 5 16 19 4 2 11 12 17 9 15 13 7 1 6 18 10
5 17 2 10 6 9 15 0 11 3 4 7 8 1 19 16 13 18 14 12
10 4 15 13 9 14 1 2 3 16 0 19 11 7 8 18 17 6 5 12
2 8 7 11 0 17 4 13 19 12 3 15 16 5 10 18 9 6 14 1
19 9 3 16 10 17 12 13 2 15 6 4 8 18 5 0 7 1 11 14
2 14 15 8 4 10 0 12 1 5 17 19 13 11 7 16 6 9 18 3
4 9 17 11 5 8 16 1 19 2 18 15 7 12 14 13 10 6 3 0
0 3 13 11 5 6 14 1 18 2 19 16 15 8 4 7 12 10 9 17
16 8 2 4 17 18 7 15 14 12 6 3 19 13 10 1 0 11 9 5
2 12 14 18 11 9 19 7 6 15 5 1 4 10 16 8 13 17 3 0
10 9 16 0 1 7 19 13 14 2 3 6 12 15 4 8 17 18 5 11
15 3 5 6 18 9 10 7 14 13 17 1 4 11 16 19 0 12 2 8
15 19 8 4 11 6 17 3 12 7 16 10 13 1 2 18 5 14 0 9
6 11 13 5 18 3 0 16 7 2 17 1 15 8 4 19 9 14 10 12
1 0 16 12 7 4 18 9 15 17 10 6 19 11 3 8 14 5 13 2
2 19 11 0 18 16 13 5 7 4 8 1 14 15 6 10 3 17 9 12
0 16 1 18 10 19 3 8 9 11 2 14 15 17 5 7 6 13 4 12
13 15 1 5 14 10 6 12 4 0 8 7 11 2 19 17 9 16 3 18
9 12 10 5 16 7 6 19 8 0 13 4 1 14 17 2 11 18 3 15
17 7 16 8 18 9 5 1 19 13 4 14 10 15 0 2 3 11 6 12
4 3 18 12 9 6 11 14 10 1 7 17 8 5 16 0 19 15 13 2
19 13 9 0 14 8 12 10 5 7 16 17 15 3 11 6 4 18 2 1
19 7 9 17 13 5 2 15 3 1 14 16 18 0 10 8 6 11 4 12
7 0 17 13 12 14 1 8 6 18 2 3 9 5 10 15 19 11 4 16
9 7 8 19 12 3 1 14 18 11 16 13 4 5 17 0 2 15 6 10
6 8 18 7 16 1 5 14 3 9 19 4 11 2 17 12 15 0 10 13
19 3 2 8 5 7 14 17 0 1 13 15 12 4 9 10 18 11 16 6
3 12 4 8 10 1 16 0 9 17 14 13 19 18 15 11 6 7 2 5
13 12 0 5 8 18 7 1 3 4 16 11 10 15 9 19 17 14 2 6
4 16 3 19 7 1 0 11 5 6 10 8 17 9 13 12 2 18 15 14
4 15 16 8 9 17 5 11 18 0 14 6 10 2 3 13 12 7 19 1
15 5 16 12 1 17 0 18 10 19 8 14 11 13 2 9 4 3 7 6
5 4 15 9 2 7 19 14 8 16 11 12 0 17 6 13 3 18 1 10
3 14 5 13 15 0 4 8 19 16 7 6 17 12 1 10 11 2 9 18
2 17 7 0 14 8 1 12 18 13 10 6 15 4 3 5 9 19 16 11
18 7 14 2 1 19 6 8 11 13 10 15 3 0 12 4 17 5 9 16
2 5 8 19 7 15 4 16 13 6 12 18 17 14 0 10 11 3 9 1
5 14 18 13 15 0 12 7 8 6 1 3 2 10 9 19 11 4 16 17
10 15 9 14 11 8 7 1 3 17 18 0 5 4 16 19 2 12 13 6
13 14 9 11 19 6 4 7 5 12 0 18 17 8 2 1 16 3 10 15
11 18 19 17 14 9 4 16 8 6 0 2 7 15 12 13 5 1 10 3
18 5 4 0 14 1 12 19 3 16 11 7 17 13 8 2 9 10 15 6
5 17 14 10 8 6 18 9 0 13 1 2 19 4 7 11 16 3 12 15
9 7 13 16 3 19 14 6 5 11 1 18 4 12 8 0 2 10 15 17
1 0 5 19 10 2 7 9 8 4 18 14 17 11 12 6 16 3 15 13
3 6 1 7 9 14 10 0 5 13 19 4 12 17 8 16 2 18 11 15
10 1 8 18 4 6 13 12 7 0 9 14 3 11 16 19 2 5 15 17
17 4 16 7 10 14 19 12 8 1 15 3 13 11 0 6 2 18 9 5
14 16 19 13 10 8 0 11 4 6 2 7 3 18 17 15 9 12 1 5
2 8 19 5 12 3 11 13 9 17 7 4 6 0 15 14 16 10 1 18
14 1 12 2 0 5 9 7 17 16 10 4 8 13 11 18 15 6 19 3
1 15 18 8 16 10 14 7 12 13 2 5 9 19 0 11 6 4 3 17
1 19 5 4 15 6 14 8 12 3 18 13 11 0 2 16 10 7 17 9
4 15 17 6 16 5 10 7 18 12 19 9 14 13 0 3 8 2 11 1
2 14 5 11 12 7 16 9 13 18 19 3 8 6 4 10 17 15 1 0
6 14 8 5 11 18 2 4 1 15 13 9 3 16 19 12 7 0 17 10
18 5 0 15 3 4 1 17 9 7 14 16 8 6 11 2 12 19 13 10
0 1 3 18 13 8 17 4 2 5 16 6 7 19 9 15 12 10 11 14
19 1 3 15 8 13 14 18 11 2 12 17 16 9 4 10 5 6 0 7
5 1 9 0 16 10 7 11 18 4 15 3 14 12 8 19 2 6 17 13
6 1 19 3 9 17 10 2 12 0 15 8 11 18 7 14 13 16 5 4
0 5 4 2 3 15 10 19 11 17 13 14 16 6 8 18 9 7 12 1
1 12 7 17 10 16 4 8 6 13 14 18 5 15 0 11 3 2 9 19
8 13 3 10 6 18 19 5 4 14 15 1 11 0 7 17 2 9 16 12
12 13 15 8 10 4 1 3 0 9 7 2 16 19 11 14 5 6 18 17
9 16 8 1 12 5 15 18 7 4 3 14 2 13 10 0 11 17 19 6
4 9 16 12 19 5 15 3 0 1 17 10 18 6 2 11 7 8 13 14
10 8 14 9 2 3 4 0 18 1 16 17 6 7 15 12 5 19 13 11
2 14 1 0 5 19 15 4 7 12 3 13 10 6 9 8 17 16 11 18
9 4 19 12 18 6 14 3 8 11 13 5 16 7 15 17 10 0 1 2
12 0 10 19 14 17 18 3 5 16 6 7 8 9 2 1 4 13 15 11
9 6 0 12 3 4 19 17 5 10 14 7 1 13 2 18 8 11 15 16
18 5 13 0 10 8 16 7 12 14 17 15 11 3 6 2 1 19 4 9
17 4 18 1 7 16 13 6 19 5 14 15 10 11 12 0 3 9 8 2
3 17 5 9 19 18 0 15 8 13 11 1 12 4 2 10 16 6 14 7
7 13 10 17 14 0 2 16 18 19 3 5 11 4 9 12 15 6 8 1
1 5 0 13 4 6 3 12 7 14 16 8 11 15 17 9 2 10 18 19
13 12 3 14 5 19 16 10 2 0 15 8 6 17 7 1 4 11 18 9
16 18 11 4 8 17 3 14 7 1 13 10 0 12 2 6 9 15 19 5
12 8 4 6 0 15 19 5 9 1 3 10 2 16 18 13 7 17 11 14
17 14 6 8 11 13 19 12 7 4 16 2 15 18 3 1 0 9 10 5
14 18 13 7 4 15 3 11 19 5 10 2 1 0 16 6 8 17 12 9
7 16 5 13 18 19 11 1 4 8 3 9 15 2 0 10 12 14 6 17
17 2 8 4 19 0 14 9 18 13 5 6 12 7 3 16 11 1 15 10
10 8 19 2 11 5 15 9 4 0 12 1 17 18 3 7 13 6 14 16
13 15 4 12 1 17 18 3 2 6 7 16 11 5 14 0 8 9 10 19