53 48 17 42 70 99 23 79 42 88 23 77 59 45 84 58 47 91 29 48
52 74 35  3 45 36 92 20 58 14  5 93 46 36 94 76 63 95 66 49
42 62 83 59 60  8 15 10  1 78 27 98 35 22 80 77 86 63 44 39
10  6 62 67 66 38 20 76 94 67 34 59 27 61 10 67 21 90 73 14
17 37 21 91  7 44 22 50 31 82 53 21 89 35 48 16 70 93 41  5
63 68 45 41 78 74 97 14 48 54 91 92 91 64 61  6  6 60 65 73
91 58 75 11  7 86 70 26 53  5 81 66 57 77 89 49  3 59 93 37
33 97 81 35 83 28 47 34 23 96 31 94 63 21  1 56 36 50 91 88
37 70 38 84 25 32 72 37 23 14 44  3 25 91 97 88 64 81 65 59
40 23 52 39 64  9 65 22 71 51  7  7  7 34 59  2 45 41 96 20
48 63 47 12 56 86 86  1 20 80 82  4  8 55 85 75 22 11 46 48
76 56 19  7 44 90 23 12 57 99 75 22 59 96  5 67 94 64 88 77
87 22 14 19 98 68 47 97 10 71 66 42 21 49 87 49 54 74 92 25
22 64 21 44 34 43 14 73 38 58 52 26  6 56 98  2 98 49 91 65
58 56 73 22 65 94 98 13 25 66 35 50  8 47 33 24 53 39 43 96
99 72 40 88 39 26 57 81 63 71 93 59 12 71 87 52 67 27 70 91
63 87 72 44 20 77 48 34 62 64 26 68 92 18 51 43 15 70 23 56
6 39 65 47 69 17 35 94 52 58 63 63 89 56 30 24 37  3 61 12
80 50 35 43 96  3 81 10 14 32 54 21 57 78 56  8 60 37 47  2
93 46 47 13 87 60 83 69 32 12  2 89  3 12 14 99 69 12 79 72
99 55 44 16 49 86 40 40 41 36 93 34 88 90 99 37 54 82  4 55
31 26 12 48 41  2 25 17 32 77 98  2 82 92 33 53 53 28 27 86
86 59 40 42 46 78 14  7 49  6 28 12 73 35 64 57 77 64 63 15
17 59 60 37 95 78 61 45 51 67 34 45 47 86 74  5 67 79 27  9
70 23 29 78 54  3 27 82 30 90 27 95  8  9 58 41 25 87 35 24
39 62 80 74 25 43 79 52 12  6 67 46 37 14 37  2 82 12 38  9
84 87 40 12  9 62 27 68 24 79 52 18 57 93 61 15 61 21 93 57
54 89 30  4 37 72  1 10 65 81 22 17 72 41 51 42 21 39  1 59
65 82 11 85  8 53 89 29 60 22 46 29 22 71 35  6 22 77 69 30
43 35 84 68 85  3 11 13 66 74 30 54 12 94 85 86 74 17 88  6
81  3 69 81 52 59 88 99 63 35 48 26 44 38 32  4 80 44 86 90
35 14 63 25  7 22 72 38 63 80 65 84  8 18 79 42 94 89 29 40
98 76 87 69 65 64 58  7 18  7  9 36 48 48 83 43 35 84 32 84
22 95 92 95 70 84  3 56 31 10 35 47 94 61 45 47  4  1 35 53
1 22 46 91 78 48 32 93 28 91 16 52 48 43 11 68 44 51 11 33
26 65 93  8 44 98 50 36  5 68  6 49 46 55  1 94 13 39 90 40
63 30 24 41 97 71 92 91 22 97 49 40 37 36 23 83 53 71 64 76
37 60 79 25 83 21 10 78 75  9 70 36 41  8  1 19  1  6 67 46
5 29 76 16 81  9 94 82 71  5  3 38 25 85 45 62 30 58 10 20
85 99 30 23 91 32 61 42 11 56 33 30 27 19 14 81 21 56 57 68
4 20 37 62 79 62 71 18 82  7 42 97 10  6 25 70 27 87 69 53
14 19 36 52 88 67  2 30 83 86 97 33 23  5 42 77 47 58 23 44
82 73 91 78 54  1 30  9 37  3 71 26 98 70 35 55 72 47 35 85
36 14 96 61  3 30 98 75 41 79 96 73 54 72 29  6 31 32 34 50
93 16 96 73 94 36 29 38 63 14  7  7 56 54  7 83 33 60 88 58
64 11 13  4 74 23 84 62  8 42 96 26 41  2 28 14 99 14 65 80
10 99 20 80 60  2 98 97  1  1 59  1 26 99 89 38 15 47 74 14
52 50 13 73 88 67 78 82 18 86 27 34 26 30 17  2 87 85 40 77
70 98 23 29 88 31  7 92  3 80 18 39 57 56  8  1 79 90 74 55
25 29 51 83 91 93 44 16 23  7 57 56 72 41 68 25 63 43 87 53
35 12 89 41 70 18 70 69  5 59 30 34 23 42 45 92 92 60 98 41
61  4 30 50 50 39 41 15 22 55 37  7 88 58 90 64  7 23 19 37
4 57  1 80 21 35 32 98 78 50 79 53 40 19 25 84 91 51 95  4
73 92 25 41 58 36 50 90 98 39 94 64 15 29 27 89 50 26 38 11
82 37 99 34 94 46 74 45 78 41 58 43 71 59 25 55 84 48 84 57
11 53 39 81 66 99 73 76  7 91 33 47 14 51 25  4 15 26 79 70
79 97  9 56 50 43 55 32 91 75 83 17 55 43 80 62 60  3 56 33
97 40 32  7 85 60 19 13 54 62 47 11 32 49 65 69 67 96  7 71
7 54 19 14 68 74  1 62 53 51 35 23 88 68 53 39 65 64 93 93
9 28  6 73 73 71  7 57 95 93 56 67 23 30 98 37 34 27 45 62
32 71 47 16 50 96 31 10 63 10 74 88 32 50 93 41 55  5 69 83
4  8 91 54 59 51 58 55 63  3 64 38 21  8 69 93 95 61 37 74
86 46 71 94 84 72 51 75 46 17 35 22 43 64  4 32 22 71 26 62
44 55 12 38 35  6 61 93 18 62 42 23  9 71 79 84 90 67 92 48
78 22  8 85 92  8 45 38 20 38 73 53 44 19 75 41 71  6 84 74
30 41 20 49 60 59 40 72 31 26 55  3 61 57 58 87 88 40 94 78
8 15 66 46 22 66 13  7 30 64 55 31 96 82 60 14 63 56 71 63
29 10 78 46 94 97 85 86 63 50 49 27 63 81  4 80  9 95  6 83
63 28 37 62 56 73 54 70 53  7 35 64 22 98 41  6 88 20  5 86
84 84 21 35 54 98 95 54 63 59 74 90 68 98 39 83  5 19 74 73
1 41 31 10 99 94  9 69 55 92 17 89 73 10 98 38 13 52 48 87
70 40 18 41 26 65  7 56 32 37 32 48 77 26 91  5 33 74 90 97
1 55 80 27 58 92 18 91 23 96 86 40 17 39 49 31 60 53 74 23
73 19 89 90 27 84 73 30 51 33 84 21 38 29 34 12 57 46  9  8
65 39 15 72 65  6 99 83 65 84 85 90 23 45 74 88 26 41 61 28
86 60 48  8 18 14 71 41 76 57 72 23 81 50 60 15 33 54 67 80
25 19 88 68 40 42 60 29 87 57 77 23 91 34 96 22 84 26 66 76
41 23 34 31 65 43 51 35 42 56 29 79 22 66 68 32 21 82 42 66
29 24 48 13 93 68 17 51 49 76 40 88 85 43 56 31 77 88 53 53
17 18 36  1 54 20 95 20 57 42  3 55 18 39 85 28 21 49  7 98
89 97 66 17  2 32 94 71 87 45 45 21 91 30 33 20 97 34 15 24
57 89 78 21 58 78 25 51  7  1 61 92 13 73 35 46 61  4 68  3
77 79 61 52 74 31 71 98  4 62 44 38 25 29 40 30 65 79 57 10
50 95 33 34 49 25 22 87 46 13 96 98 43 80 70  7 97 19 74 47
83 93 90 96 75 41 68 43 77 32 75  1 28 11 90  5  4 63 79 92
61 65 48  2 98 44  4 50 66 97 26 85 71 52 32 98 60 88 75 43
97 42 77  4 80 95 17 50 32 44 93  2  5 68 78 21 70 18 49  5
86 18 71 19 13 72 12 64 78 37 69 13 78 60 71 63 77 41 84 71
17 80 96 44  2 92 32 57 74 32 48 61 47 78 81 86 29 64 48 34
8 79 71 87  1 61 82  7 53 70 54 62 75 13 53 53 78 97 18 39
70 55 92 59 62 16  4 29 18 20 56 82 33 77 64 25 75 46 54 55
71 69  9 92 69 91 63  3 96  9 48 29 14 15 11  2 43 52 54 96
72 65 18 80 55 45 34 67 59  5 38 99 91 15 42 74 24 23 10 53
3 17 78 72 63 92 35 62 86  5 55 77 95 49  6 58 16 78 62 73
38 51 28 76 38 96 91 32 90 73 56 67  4 55 77 20 43 62 79 49
37 71 80 33 95 41 15 67 10 94 63 97 56 42 35 63 16 92 13 88
14 41 82 47 49 52 64 25 12 56 47 42 77 89 92 41 75 23 40 91
99 52 30 27 86 29 80 78 76 13 12 23 66 30 66 52 67 42 91 84
94  7 40 29 87 18 82 75 32 45 19 23 69  1 92  9 29 37  8 78
79 39 46 95  4 55 80 79 35 11  4 24 63 14 34 14 57 58 14 60