83 46 63 19 28 87 91 61 14 84  9 91 24 28 60 26 11  6  4 96
70 72 45 50  1 46 67 43 75 44 62 91 99 96 34 60 96 19 10 52
94 42 82 39 33 48 42 32 69 93 65 74 47  3 31 55 81 91 71 66
49 20 37 95 24  6 65 34 63 50 12 64 56 31 37 93 89 32 96 47
35 15 66 89 72 47 58 34 61 50 17 31 80 84 13 43 96 73 37 97
56 64 15 78 35 71 85 63 36 91 48 26 14 55  5 62 57 94 53  6
97 18 12 65 77 69 27 78 34 59  2 22 77 51  6 25  6 49  7 97
83 27 34 98 41 43 22  4 45 19 44 62 79 12 31 60 34 93 95  1
39 74 94 68 77 10 29 60 13 38 44 64 61 95 73 37 37  2 13 32
12 60 43 12 40 78 66 25 76 28 68 59 10 77 87 93 45 44 95 23
55 61 62 49 62 94  2 93 35 82 63 25 84 61 60 95 42 19  1 99
13 55 31 34 70 95 86 33 64 10 97 11 79 53 87  5 97 78 82 58
68 25  8 48 86 26 66 96 27 77 20  5 10 64 66 57 74 96 11 83
33 44 21 31 12 19 85 16 79 98 20 18 21 77 18 45 58 49 94 88
71 36 83 48 23 84 18 95 26 94 60 28 81 71 75 63 40 65 34 97
13 50 15 85 23 57 93 84 74 55 94 13 99 10 59 60 95 76 69 14
44 64 29 69 96 23 27  4 13  8 59 29  3 79 14 45 59 85  2 75
40 33 11 61 16 85 95 83 82 94 37 50 61 82 36  6 14  2 99 78
73 48  8 34 80 67 47 13 99 10 31 65 65 26  3 47 68 11 12 43
64 45 18 24  9 39 98 51 28 18 34  2 18 24 82 36 48 51  2 86
68 72 54 29 85 11 36 35  8 47 70 56 32 97 27 32 77 50 15 64
57  4 87 45 72 84 64 13 33 93 20 31 69 96 59 87 82 91 91 15
40 98 95 96 28 91 65 31 12 25 11 11 69 77 52 17 44 42 76 89
86 26 77 59 54 17  9 37 29 37 42 26 84 98 53 50 75 37 93 60
49 67 35 64 10 17  1  6 82 75 32 41 26 93 74 90 33 35 99 50
35 71 57 46 11 44 86 53  4  1 22  2 40 82 60 91  3 45 79 72
55 56 96 29 28  8 29 26 78 27 29 82 31 58  1 83 55 81 28 99
71 42 23 55 59 97 86 20 86 32 57 63 18 95 39 90  3 37 87 85
60 44 77 22 75  4  6 68  6 19 82 95 36 48  7 88 54  2 75 13
7 77 77 13 97 22 21 88 90 95 11 30 61 11 39 48 88 58 23 89
56 65  5 89 99 60 73 56 68 63 48 70 51  7  8  7 43 18 18 81
52 15 75 66 92 66 16 96 72 35 26 21 69 86 15 60  6 61  2  8
92 84 16 27 77 82 67 74 81 92 75 92 50 83 43 42 49 51 36 89
42 97  2 70 59 57 30 23 49 20 68 10 61 84 15 58 28 61 67 10
29 57 26 79 71 15 46 74  6 97 51  3 63 79 85 86 43 22  1 39
82 35 20 49 97 15 34 92 23 60 13 52 38 34 68 97  1 18 73 72
4 86  2 24 42 70 55 45 49 96 78 73  1 48 17 53 15 48 86  4
87 40 55  7 33 44 78 21 48 92 60 69 32 75 89 72 62  7 50 22
74 52 82 25 24 93 74 58 83  2 12 76 97  1 11 29 57 41 29 78
32 83 80 89 99 25  5 29 77 41  6 77 71 21 14 73 61 26 54 99
19 40 68  4 99 72 18 45 33 41 38 75 61  8 73 80 73 64 33 14
77 61 21 82 77 24 96 35 11 23 77 86  8  5 43 12 34 31 44 15
51 63 19 14  5 50 18  4 84 50 41 39 98 67 31 59 69 91 67 34
92 57 73 80 57 77 83 97 47 95 84  9 56 51 32 11 67 46 50 69
40  1 51 33 75 63 62 54 36 17 59 96 68 44 57 89 50  9 11 10
45 99 92  8 77 15 80 13 50 30 66  9 77 72 26 96 85 58 43 42
56 28 81 20 12 14 47 83 64 44 42 68 95 17 55 62 69 71 93 12
17 26 98 49 78 36 87 96 32 23 56 84 21 69 98  9 75 78 32 57
33 82 69 32 61 49 61 98 81 61 19 63 46 81 22 80 43 20 57 31
97 65 83 61 35 85 98 56 21 96 20 79 70 38 31 57 33 83 58 29
37 23 32 94 86 44  6 61 22 15 42 67 36 83 52 49  5 85 63 60
99 95 66 61  5  6 57  3 37 87 27 11 28 61 93 74  5 42 45 51
18 44  4 65 82 97 28 62 36 96 76 59 51 16 89 39 55 10 24 62
78  8  9  4 48 48 77 65 71  4 18 93 70 41 27 85 62 20 27 90
57  1 14 11 38 74  6 72 16 11 25  5 86 83  5 41 52 39 80 74
76 47 33 31 61 78 27 68 34 99 44 64 13 45 55 19 99 34 84 74
38 79  6  8 12 72  4  4  8 55 23 77 52 55 54 30 84 79 66 21
59 31 83 57 67 17 70 23 14 54 10 24 79 67 77 90  7 94 34 69
36  7 27 16 16 10 60 78 80  7 37 76 31 36 26 63 78 78 92 46
71 60 74 29 27 57 83  5 12 68 96 25 50 85 23  1 77 74 21 33
24 21 94  4  3  4 56 23 70 42 68 98 48 48  9 98 64 69 56 84
99 52 52 72 95 10 94 51 77 13 82 61 68 39 60 43 94 28 36 77
4 45 11 16 98 94 20 99 89 63 35 72 88 22 72 71 69 50 77 40
67 90 46 10 19 24 36 38 73 74 33 17  9 15 95 33 46 85 34 51
9  8 97 64 64 96 33 26 88 67 20 18 67 51 77 43 77 83  9 20
43 21 51 35 11 30 89 48 70 62 56 94 12 25 83 21 91 80 43 75
13 35 43 80 53 11 97 29 83  6 73 10 55 32 49 50 22 86 20 81
55 22 91 63 15  5 96 53 68  5 59 18 87 76 19 92 18 17 20 29
8  2 32 12 55 27  9 60 44 86 66 52 35 21 76 50 58 25 26 22
18 94 83 51 91 74  9 29 93 75 62 46 68 77 34 65 73 73 40 44
53 17 56 38 63 65 38 65 48 59 40 33 15 86 66 38 95 80 47 10
40 68 53 69 22 97 49 71 82 78  3 17 20 52  8  5 99 64 85 61
94 12 38 68 48 33  8 42 81 54 67 63 45 44 11 48 25 26 56 48
59 38 83 43  8 29 56 54 34 41 51 89 83 13 61 13 33  5 36 10
94 42 54 41 78 80 53 98 10 86 19 72 24 96  6 14 27 19 19 88
63 34 66 80 61 12 30 31 40 94 92 89 58 49 29 93  1 56 50 99
97 72 27 38 72 90 91 51  9 14 67 65  4 13 84  1 20 73 12 62
82 84 45 46  5 25 31 60 12 32 21 50 77 36 86 34 11 12 60  1
41 22 20 76 45 60 97 82 33 59 48 58 95 45 21 85 82 50 18 21
21 66 31 15 92 11 34 46 28 96 72 79 85 78 31 76 25  2 20 67
77 39 71 83 70 47 32 11 26  1 75 17 77 98  5 10 11 33 73 67
16 39 29 27 70 52 11 26 62 19 99 38 95 13  3 44 30 46 72 89
65 97 23 38 57 73 33 11  9 96  4 78 38 54 63 98 86 58 49 96
95 86 58 46 51 99 59  4 33  6 50 49 62 69 37 65 12 56 88 82
61 53 33  5 38 63 35 74 56 54 73 17 61 49  4 76 11 64 70 50
17 35 73 28 81 18 95 26 93 32  3 39 13 97 94 53 11 80 30 28
1 98 32 56 39 29 33 82 57 17 39 77 73 12 91 67 72 94 14 73
36 48 66 23 52 92 90  1  1 39 49 25  4 16 74 36 51 61 16 56
90 21 99 29 49 13 94 26 20 73 21 28 54  3 97 43 48 55 20 70
64  6 72 74 25 43  8 20 80 89  6 44  2  6 54 51 41 98 90 94
91 59 27 65 45 22 97 53 72 47 98 49 76 86 82 52 62 48 37 25
97 28 87 56 96 14 78  5 29 14 73 52  2 34 19 16 21 79 71  6
93 14 82 81 55 54 51 61 22 28  3 35 22 46 80 66 92  2 17 61
53  2 51 65 75 14 13 51 18 79 25 52 49 43 49 83 36 54 43 72
1 32 66 52 90  8 33 72 80 40 38 98 71 98 14 35 23 22 23 93
49 16 85  9 61 21 86 14 81 59 34 59 19 85 29 67 46 90 42 23
25 84  4 53 91  1 26 19 98 97  5 24 76 28 18 81 70 84 11 66
5  6 81 49 30 77 44  2 73 78 15 38 39 88 72 69 30  6 46  7
41 14 85  1 69  9 43 88 44 85 80 50  3 31 74 88 85  3 72 85
78 50 76 48 38 84 21 57 72  8 55 56 23  4 57 56 58 27 66 11