54 87 61 35  5 48 33 21 65 83 78 14 70 25 36 56 87 32 96 62
68 15 22 53 33 61 73 63 96 61 88 86 53  2 29 14 49 14 22 66
68 70 84 19 32 58 87 82  7 47 68 71  3 93 24 31 19 56 88 71
58 72 51 42 31 63 49 83 28 92 83  7  7 30 14 27 58 32 16 67
36 51 65 40 79 39 33 77 84 68 71 54 40 94 56 94 55 10 13 13
51 27 31 65 26 62 88 69 47 36  3 90 90 31 24 35 24 68 18 70
8  6 93 60 68 32 95 17 12 79 78 26 15 83  8 31  5  6 36 75
41 95  4 98 22 64 41 56 23 72 10 35 55 17 10 32 76 49 95 14
96 23 44 19 90  6 67 37 64 80 98 66 74 65  3 15 50 98 46 80
1 65 36 35 95 99 82 46 26 35 96  6 28 92 12 42 47 78 10 76
78 99 90 46 71 76 45 96 58  3 70 80 30 85 93 16 26 79 44 21
82 16 56 35 81 97  5 68 60 33 57 42 72 77 53 26 66 81 84 84
29  6 38 96 85 36 71  5 53 11 87 99 42 69 74 34 25 10 25 32
40 73 80 70  7 35 35 20 68 29  7 12 70 47 46 78 28 48 50 22
94 79  1 39 33 94 69 19 29 33 72 48 88  9  1 99 20 29 83 44
4 18  9 82 59 64 56 78 23 61 80 91 38 89 85 23 48 90 29 97
10  9 82 28 48 66 22 32 34 43 64 43 24 88 44 15 28 54 94 80
50 54 27 69 34  5 22 29 47 24 52 26 51 58 50 84 15 93  2 16
71 25  2 75 62 79 35 87 19 50 33 79 63  9 24 39  2 20 84 53
78 11 42 60 76 57 29 50 79 81 19 24 91 57 80 74 99  4 62  2
4 65 42 97 56 92 49 83 18 86 48 24 42 99 87 59 22 34 63 45
54 64 80 51 75 42 60 33  6 90 32 77 11 63 40 30 37 62 94  8
6 77 76 23 61 90  6 85 45 86 10 71 13 68 16 33 95 52 88 39
47 30 67 99 52 29 23  8 77 80 46 54 64 45 17 12 35  3 81 15
24 50 47 88 68 42  2 24  2 63 88 72 28 47 31 62 59  6  9 60
68 82 22 44 55 25 45 75 13 84 17 67 21  6 49 67  7 74 29 20
73  2 26 15 29 44 26 99 86 59 13 90 13 17 68 88 42 61 65 72
3  1 40 33 29 42 13 15 78 37 30 92 49 91 42 74 53 59 56 32
31 84 29 75 68 12 29 51 76 98 33 99 28 17 89  4 21 84 90  4
5 69 19 45 35 89 40 38 30 52 73  7 45 60 43 55 10 97 93 63
76 61 21 41 74 51 36 49 26 31 67 69  6 54 65  7 70 45 32 25
1 69 28 25 25 24 74 48  4 12 80 28 75 82 34 99 19 59 10 11
46 81 64 28 89 71 29 27 81 34 78  7 51 25 47 14 32 47 90 31
4 40 32 52 37 35 85 26 45 58 42 75 13 15 86 74 98 19 45 60
44 65  5 30 51 42 88 79 47 46 62 50 58 82 51 89 89 63 59 84
50 61 36 14 65 86 87 28 50  8 99 73 96 94 87 68 96 69 19 33
81 81 29 54 24 55  5 36 48 41 34 33 48 37 32 34 52 27 80 14
36 31  7 88 99 55 11 65 47 18 46 39 78 46 81 31 80 35 92 51
65 46 31  3 21 55 11  5 40 52 99 11 36 83 92  5 19 58 47 34
50 56 57 27 20 26 71 59 14 46 22 66 20 33 39 33 86 30 37 77
1 51 77 72 87 50 94 84  8 73 13 12 97 86 63 44 14 67 19 52
22  5 51 18 23 97 91 86 13 27 68 44 93 82 17 48 98 30 86 92
5 92 10 63 41 26 14 30  3  9 99 54 14 98 23 11 66 48 25 79
82 50 86 19 70 76 99 34 53 23 89 82 19 55 15 23 99 63  1 75
43 25 40 18 43 86 75 24 82 24 71 89 67 28 96 20 14 85 59 38
28  8 99  8 53 51 92 61 79 73 80 24 55 73 55  9 66 22 95 60
14 89 24 37 30 88  1 15 14 36 14 62  3 27 44 50 63 26 91 85
24 74 42 43 58 29 58 54 76 22 42 80 45 28 32 59  1 81 48 15
90 20 88 84 39  6 12 14 19 44 10 26  6 75 24 38 53 37 69 46
54 78 20 66  2 52 47 84 28 11 66 45  8 22 14 31 88 73 21 70
36 29 65 32 79  2 42 95 33  5 62 47 20  2  2 36 22 96 61 85
27 22 60 87 30 64 75 26 25 76 28 53 65 59 92 54 92 28 20 48
57 13 93 47 40 81 89 52 58 20 19 37 69  1 13 60 83 35 64 73
63 86 36 85 91 12 46 52 70 25 50 41  4  9 36 99 57 91 96 43
15 84 73 93 51 14 25 75 39 14 43 73 82  2 72 66 30 64 19 63
38 74 59 69 60 99 14 48  9 50 83 85 74 10 95 10 80 92 92 39
48 75 18 65 11 32 61 46 22  1 38 33 78 39 67 79 66 99 22 66
86 95 30 19 90 65 79 23 69 81 30  9 99 86 66 62 32 97 25 37
42 67 84 55 76 48 95 59 69 53 65 30 94 85 15 96 68  1 30 94
28 76  2 86 58 40 14 32 11 13  1 56 92 13 85 15 74 51  4 66
52 73 57 13 52 49 38 14 87 63 78 40 13 23 42 99 67 28 65 92
90 59 86 30 34 79 77  9 84 73  9 44 43 59  6 90  3 19  4 33
34 18 25 51 21 93 22 56 80 77 67 89 15 60 15 80 23 90 86 17
21 61 25 91 67 84 15 59 35  5 38  9 54 58 36 36 69  7 22  5
3 73 36 75 95 71 10  7 13 33 39 30 82 76 68 37 62 44  6 51
87 31 28 68  7 85 57 82 98 16 12 28  5 56 78  7 18  7  9 15
8  2 50 51 97 86 72 92 29 58 10 13 25 42 11 46 74 86 20 31
43  4 31 98 38 13  9 87 68 54 75 37 11 58 46 49  6 15 28 86
80 90 47 26  9 10 18 95 19 52 17 55 74 24 85 40 62 60 96 96
30 75 59 22  4 52 97 39 49 36 91 79 17 38  4 57 44 46 17 66
3 70 95 22 72 39 96 94 47 35 37 59 45 87 99 33 48  4 92 68
18 74 88 60  8 45  1 83 71 78 71 52 36 18 12 93 72 37 32 28
46 80 12 43 76 83 74 44 97 46 30 56 79 34 56 49  2 63 41 87
53 35 98 19 22 31 89 94 27 92 80 60 22 31 23  5 40  5 90 13
32 43 75 15 37  5 64  4 30 29 14 35 85 75 45 45  2  7 29 68
95 11  5 20 49 16 50 10 15 63 97  9 88 64 12 95 19 16 54  9
52 33 16 10 87 62 76 88 22 63 50 87 16 56 38 57 52 71 15 18
89 32 77 66 88  6 37 35 49 50 89 62 28 31 61 41 71  2 22  9
32 20 77 70 23 82 51 75 34 55 91 49 46 80  6 69 70 99 85 45
32 27 43 53 70 17 57 77 91 49  6  6 47 93  4 54 93 68 48 93
16  5 39 79 51 39 39 32 38 28 96 35 56 42 45 83 42 40 25  3
77  1 11 87 21 44 92 77  9 92 10 31 62 65 44 78 22 13 26 72
11 46  8 77 31 48 37 99 27 99 31 73 60 40 81  9 20 81 71  2
60 20 62 18 18 33 38 48 37 78 76 28 65 61 40 28 67  4 17 26
54 89 69 93 69 93 54 30 14 14 71 49 10 86 88 67 17  2  2 20
54 83 59 70 18 34  7  2 45  6 80 21 72 80 89 52 33 41 76  5
53 15 75 10 48 54  1 43 22 31 63  1 68 74 23 32 53 71 93 22
21 51 56 39 32 17 37 21 42 81 56 29 11 78 40 66 57 92  5 38
30 31 92 26 56 67 88 11 25 24 98  8 34 18 80 82 28 87 77 14
40 43 85 84 76 64  7 51 51 15 96 31 85 30 85 45 73 73 17 57
3 32 92 97 78 83 37 41  4 62 16 36  4 26 28  2 16 37 93 26
64 90 88 32 13 70  5 30 44 82 98 44 67 24 49 99  9 28 96 70
83 29 27 78 85 10 77 91 24 97 19 54 40 39 46 89 83 93 53 90
76 56 40 73 14 74 75 55 90  8  9 59 60 27  1 17  6 41 41 10
23 77  7 66  5 85 87  1 40 69 62 90 20 18 32 36  4  6 47 28
45 87  4 17  6 13 72 66 68 87  1 79 44  5 33 32 20 63 73 62
81  3 13 42 22 32 83 56 28 96 34 42 22 86 45 79  7 43 27 41
4 55 31 22 28 44 15 88 27 66 50 25 27 91 53 71 10 12  2 61
70 69 26 78 42 97 68 88 37 23 46 55 29 81 54 70 71  2 53 28
39 56 87 21  9 82 44 63  9 50 34 58 18 87 42 78 98 30 46 21