3 11 14 1 10 2 4 7 0 12 5 9 6 13 8
5 0 3 8 4 1 12 14 6 7 10 2 9 13 11
2 3 14 0 9 12 5 4 7 10 8 11 13 1 6
8 10 1 13 3 4 14 9 2 5 11 7 0 6 12
14 8 1 2 10 9 12 4 6 5 0 13 3 11 7
3 10 1 5 6 0 8 7 11 13 2 14 12 9 4
2 10 1 12 8 0 7 6 14 13 4 3 5 9 11
1 0 2 4 7 13 11 3 12 5 6 14 9 8 10
4 5 9 10 7 6 2 1 12 3 13 0 8 14 11
1 4 3 10 14 0 6 13 11 8 5 12 7 9 2
3 10 1 0 9 8 14 6 4 7 2 12 5 11 13
2 7 6 8 3 5 14 4 1 0 9 10 13 11 12
0 7 14 8 12 10 9 3 6 1 4 2 11 13 5
12 3 9 4 1 0 10 6 5 2 14 13 7 8 11
3 14 6 5 13 9 1 0 12 7 2 4 10 8 11
5 14 6 12 8 2 4 9 11 13 3 1 7 0 10
3 7 10 14 0 8 1 11 5 13 4 12 6 9 2
10 8 2 11 13 6 14 3 9 7 4 5 12 0 1
3 2 12 13 1 6 14 5 4 8 9 11 0 10 7
11 14 5 6 10 9 13 1 4 8 0 3 12 2 7