2 11 0 13 1 8 9 6 4 7 12 3 14 5 10
5 8 9 3 1 13 11 0 14 7 4 12 10 6 2
5 2 8 14 13 1 6 9 12 4 11 0 7 3 10
8 10 4 0 3 11 13 6 1 5 2 9 12 14 7
8 11 1 0 5 13 2 14 10 12 9 3 4 6 7
11 3 13 9 14 1 0 7 4 5 10 12 6 2 8
13 3 11 10 5 12 0 4 14 6 7 8 9 2 1
5 8 6 7 2 3 10 4 1 14 11 9 13 0 12
12 8 9 7 3 6 11 13 10 0 2 5 1 4 14
5 14 11 4 10 8 9 2 13 12 7 1 0 3 6
10 9 1 12 2 7 3 4 0 5 6 8 13 14 11
9 7 5 6 0 14 1 3 8 11 2 12 10 13 4
2 13 12 3 9 1 5 10 11 6 0 7 8 14 4
3 0 9 13 8 2 6 1 10 12 7 14 4 5 11
6 5 0 13 8 14 2 7 12 4 10 3 1 9 11
6 8 0 7 4 1 11 10 13 14 12 2 9 3 5
13 2 1 8 3 12 6 14 11 9 5 7 4 10 0
13 7 5 11 4 6 10 14 2 9 0 3 8 12 1
9 2 10 11 7 1 14 3 6 8 5 4 12 0 13
13 4 11 12 7 0 5 1 8 14 9 2 3 10 6