6 8 11 0 14 13 9 5 3 12 10 2 7 4 1
0 9 1 6 5 13 11 8 3 4 12 14 7 2 10
8 3 9 1 0 10 5 14 12 13 6 2 7 11 4
5 1 7 10 0 2 13 11 14 3 6 9 8 12 4
2 9 6 7 0 8 13 5 10 3 12 4 14 1 11
5 3 9 2 1 4 10 8 13 0 11 12 6 14 7
8 7 12 9 6 14 4 11 5 1 3 13 10 0 2
13 7 6 11 2 0 14 4 3 1 10 8 9 12 5
1 14 0 10 11 8 7 5 9 3 4 6 12 2 13
13 1 3 14 5 9 2 0 11 7 12 4 10 6 8
10 5 9 13 6 8 11 4 14 0 7 2 12 1 3
13 9 14 10 3 7 2 5 6 11 8 1 0 12 4
5 9 7 8 10 13 2 6 1 0 12 11 3 4 14
9 11 6 7 2 8 14 3 0 12 4 13 5 1 10
10 2 1 5 0 3 14 11 4 8 9 7 12 6 13
12 14 0 2 10 5 13 3 7 11 1 9 6 8 4
8 6 12 4 13 10 5 7 9 0 1 14 3 2 11
14 5 12 4 1 13 6 2 8 7 10 11 9 3 0
7 2 6 3 8 14 5 9 4 13 0 11 12 1 10
10 7 13 4 5 3 6 1 8 0 12 11 9 14 2