7 0 12 4 1 9 2 11 10 14 5 6 13 3 8
4 8 7 3 9 13 12 0 11 10 1 6 5 14 2
1 4 7 13 3 8 10 5 12 14 9 6 2 0 11
5 11 9 12 7 1 6 13 8 2 0 14 3 4 10
4 11 12 1 0 9 6 13 2 14 5 10 3 8 7
2 6 3 8 14 0 4 10 11 1 7 13 12 5 9
4 14 5 10 8 7 6 1 0 12 9 13 11 3 2
7 10 11 14 3 2 4 5 1 12 9 6 13 0 8
14 11 0 13 3 2 1 8 5 7 4 12 6 10 9
0 5 12 1 13 10 9 4 2 8 14 11 7 6 3
4 3 8 12 9 11 2 14 5 7 13 6 10 1 0
9 6 1 0 14 7 13 12 2 11 5 8 10 3 4
4 3 0 14 13 9 7 2 11 8 10 1 6 12 5
12 10 3 6 4 5 0 7 2 8 13 11 14 9 1
14 7 5 8 11 0 2 13 12 4 6 1 10 9 3
6 14 12 2 7 5 8 13 11 9 0 3 4 1 10
9 5 14 10 12 1 4 13 0 11 3 2 7 6 8
9 12 4 14 11 8 0 7 5 3 1 10 6 13 2
12 2 3 14 5 1 6 11 13 9 7 10 8 0 4
3 12 10 5 14 0 9 8 13 6 11 1 7 2 4