12 11 8 9 7 13 0 10 2 4 5 6 3 14 1
2 5 0 10 4 1 13 11 3 14 6 8 9 12 7
3 2 6 9 5 12 0 13 7 10 14 1 4 8 11
9 14 5 7 13 10 12 2 3 8 1 6 11 0 4
3 8 6 1 13 0 9 5 14 2 12 7 4 11 10
3 8 13 11 12 1 4 14 6 5 9 0 7 10 2
11 2 0 6 4 1 5 12 9 7 3 8 13 10 14
12 3 4 11 8 1 5 0 13 6 10 9 2 14 7
5 8 7 0 12 13 1 6 4 14 10 9 3 2 11
6 3 9 8 2 1 12 7 5 14 0 4 11 13 10
6 0 4 14 8 13 12 11 10 1 9 7 5 3 2
0 6 4 3 8 2 11 1 9 5 13 12 10 14 7
2 9 5 12 3 14 4 13 11 7 1 10 8 6 0
11 7 10 4 8 14 6 3 9 5 1 13 2 12 0
8 13 10 12 0 9 2 6 11 1 3 14 5 7 4
14 7 11 6 10 9 2 0 1 12 8 3 4 13 5
8 13 7 9 11 12 5 4 2 3 14 6 0 10 1
8 14 5 11 1 0 7 3 12 2 9 10 13 6 4
8 6 1 11 7 12 14 10 0 9 3 4 5 13 2
13 1 4 0 5 7 3 6 12 8 11 2 10 14 9