8 1 10 7 9 5 6 3 2 13 4 0 14 11 12
1 9 4 5 0 11 6 7 12 2 14 8 13 10 3
6 2 8 9 3 5 4 12 11 7 10 13 0 14 1
4 9 1 2 13 3 6 0 12 5 10 7 8 11 14
6 7 9 13 11 1 5 0 12 3 14 2 4 8 10
2 12 6 13 8 4 1 14 5 9 10 0 3 7 11
13 2 12 5 11 6 8 4 10 7 1 0 3 9 14
9 8 14 7 3 10 1 12 4 13 11 6 5 0 2
14 3 6 8 12 9 4 5 1 7 0 10 2 11 13
11 4 14 8 13 10 9 0 5 6 2 12 3 1 7
6 2 8 0 3 5 7 10 14 9 11 13 4 1 12
9 1 14 0 13 2 7 8 5 11 4 10 6 3 12
8 11 12 3 7 13 6 1 14 5 9 2 4 0 10
8 12 7 11 3 14 6 10 5 1 2 9 0 4 13
10 13 12 8 3 11 5 14 0 4 2 6 1 9 7
8 6 10 14 1 11 3 5 12 9 2 4 0 7 13
13 2 8 14 7 0 9 6 3 11 10 5 12 1 4
0 13 12 6 7 2 11 14 8 3 4 10 1 5 9
9 6 2 12 0 8 11 4 5 1 7 3 14 10 13
2 8 6 12 14 10 13 5 0 7 11 9 3 4 1