1 6 10 14 7 5 13 4 3 8 0 9 12 2 11
0 9 3 2 8 5 14 12 6 11 10 7 4 1 13
1 6 2 11 3 4 10 9 12 8 7 5 0 14 13
12 14 8 9 5 3 0 1 13 10 6 11 4 7 2
14 10 8 6 0 4 5 9 11 3 7 13 1 12 2
8 2 9 12 3 0 13 14 5 11 7 1 4 6 10
5 3 8 7 0 12 4 2 14 6 10 11 9 1 13
5 8 12 1 7 4 2 9 6 14 13 0 3 10 11
14 8 7 12 6 10 0 1 11 9 5 4 2 3 13
0 14 2 5 10 4 9 7 11 6 3 13 1 12 8
1 3 11 0 9 5 2 14 6 7 8 12 13 10 4
12 8 3 10 2 0 7 9 14 5 4 1 11 13 6
1 6 14 2 11 4 8 3 13 10 0 9 12 7 5
1 4 9 3 11 14 8 0 13 10 2 6 5 7 12
2 7 3 1 8 4 14 11 12 5 10 0 13 6 9
10 2 4 6 1 9 7 12 3 11 13 14 5 8 0
2 0 5 14 4 6 11 10 8 7 13 1 3 9 12
3 0 11 14 5 10 4 13 9 6 8 1 7 2 12
1 0 7 5 9 8 14 13 2 10 4 3 12 11 6
1 12 14 4 7 9 8 3 6 0 10 2 11 13 5