7 12 6 3 8 5 0 9 1 10 2 4 13 14 11
8 3 12 5 6 9 1 14 4 2 11 0 10 13 7
1 0 8 4 11 14 12 6 13 9 2 5 7 10 3
11 13 10 0 4 7 14 5 3 2 9 1 12 8 6
14 6 2 10 11 5 12 9 3 1 13 4 0 7 8
7 5 12 13 9 11 1 4 3 6 2 8 0 14 10
14 13 8 9 1 0 11 4 2 3 10 6 7 12 5
7 13 4 11 0 10 5 2 6 1 8 12 3 9 14
5 11 4 1 12 14 13 7 8 6 9 2 0 3 10
9 4 3 8 14 5 6 13 11 10 12 7 1 2 0
11 13 6 5 10 3 12 8 2 4 9 1 0 14 7
11 1 4 7 12 3 5 10 14 2 13 0 6 9 8
1 5 7 12 13 6 11 4 8 3 14 10 0 9 2
4 10 7 8 3 13 0 14 11 12 9 6 1 2 5
8 4 11 13 1 9 0 6 12 5 2 10 3 7 14
13 8 10 5 6 14 11 7 12 0 1 4 9 2 3
5 8 13 11 9 14 10 1 12 6 4 7 3 0 2
2 9 4 0 5 7 8 10 12 11 3 13 6 1 14
1 4 8 10 6 11 9 5 13 0 7 12 3 14 2
1 10 13 12 5 4 6 14 11 7 8 2 9 0 3