2 5 1 8 3 4 14 7 10 13 11 9 12 6 0
14 8 12 4 11 3 6 9 0 10 1 13 2 7 5
7 12 1 8 2 10 3 11 13 14 5 6 0 9 4
1 8 5 11 7 6 3 2 4 9 12 13 0 14 10
8 4 12 1 3 14 2 9 13 6 5 10 11 7 0
2 14 10 7 3 0 1 13 9 6 11 12 4 5 8
0 4 13 1 8 10 11 6 9 2 5 12 7 3 14
12 2 11 9 8 10 13 4 5 14 6 3 1 7 0
7 3 4 5 13 0 11 10 9 1 8 6 12 14 2
7 14 12 6 5 9 10 0 3 4 2 1 8 13 11
0 9 13 7 6 3 11 8 10 4 2 1 14 12 5
14 10 3 12 5 7 4 6 1 2 0 13 9 11 8
11 10 5 1 3 13 9 7 8 14 0 2 6 12 4
7 6 13 10 3 1 5 11 4 8 0 12 9 2 14
2 4 14 5 0 7 10 12 1 9 3 8 6 13 11
5 14 12 7 3 13 0 9 10 6 1 2 8 4 11
14 8 1 10 11 12 7 0 3 2 9 13 5 6 4
5 2 10 3 12 4 6 11 0 13 8 14 7 1 9
0 9 10 4 2 6 13 1 3 14 7 8 5 12 11
2 12 9 8 4 6 10 14 7 5 1 11 3 0 13