8 13 3 7 10 6 14 12 9 2 0 4 5 11 1
11 4 6 3 8 9 12 5 13 0 7 10 14 2 1
14 9 4 0 2 13 6 7 11 1 3 5 10 12 8
0 12 10 1 11 14 8 5 9 13 2 6 3 4 7
2 6 4 13 8 12 3 10 9 11 0 7 1 5 14
1 4 13 7 12 8 3 0 14 5 10 11 9 6 2
6 12 3 11 0 1 7 13 4 8 5 9 14 10 2
5 7 14 11 4 3 10 0 1 6 13 12 8 9 2
3 2 6 4 11 10 0 8 14 7 13 5 1 9 12
3 11 14 10 2 4 1 13 6 9 5 8 12 7 0
9 10 6 7 4 12 5 14 13 1 8 0 2 3 11
7 5 11 14 8 0 13 12 2 9 10 1 4 3 6
11 0 6 12 5 10 13 3 4 1 9 14 2 8 7
2 9 4 6 3 7 13 5 12 10 1 11 8 14 0
6 14 5 8 13 4 1 3 0 7 12 2 10 11 9
10 14 8 7 6 5 1 13 11 2 3 9 12 0 4
5 11 1 4 7 6 14 13 8 12 3 2 0 9 10
4 14 2 6 0 11 7 13 9 1 5 3 8 10 12
7 14 10 1 5 9 2 4 0 11 13 3 6 12 8
11 13 7 8 6 0 5 4 10 1 3 2 9 12 14