15 89 49 95 40 79 44 59 87 88 48 44 43 11 75
6 46 18  4 56 44 15 40 44 79  1 32  5 92 76
78 45 61 49 26 36 94 80 49 53  4 51 82 36 76
58 34 70 19 85 69 87 38  5 88 66  3 10 28 18
78  7 83 75 39 24 10 13 42  2 61 26 11 89 39
80 88 13 92 11 62 42  3  6 36 49 98 40 59 15
83 12 48  1 76 32  1 81 53 70 78 75  7 82 31
75 13  9 11 49 15 57 84 77 80 41 82 68 64 50
39 64 88  9 97 99 27 48 18 49 50 26 54 80 77
66 87 27 47 68 75 31 25 49 85 86 12 26 82 78
93 87 74 26 60 76  3 98 72 52 73 75 28  1 51
79 13 14 27 14  5 58 32 38 67 70 86 28 94 33
83 67 18 20  4 84 22  8 91 89 25  8 69 85 46
64 18 12 43 78 65 20 53 32 49 25 10 43 30  3
99 29 50 99 53 65 23 49 91  1 86  7 68 71 89
13 19 31 94 78 43 16 56 76  1 11 24 13 62 55
43 24 85 20  6 44 49 41 67 47 25 86  6  6 30
68 92 15 80 29 72 22 41 49 36 97 80 23 77  4
51 34 10 96 74 80 65 75 14 83 13 78 61 43 58
69 56 15 89 22 21 89 16 59 83 20 33 11 67 90