55 66 48 59  8 21 64  7 80  5 59  8 91 11 81
86 76 40 76  9 23 80 51 46 48 68 51 15  5 82
84 97 26 70 33 31 20 39 42 33 70 84 23 54 55
60 82 14 36 22 21  3 11 82 92 52 85 77  3 89
83 33 15 36 96 99 81 24 59 89 11 13 26 91 87
51 20 89 99 95 41  7 67 77 45 74 91 87  1 55
35 71 47 34 77 68 85 27  2 99  9 18 28 33 92
76 58 37 28 80 96 97 92 84 68  1 86 33 66 20
17 11 18 90 57 95 17 33 61 49 36 38 62 73 25
82 84 87 44 96 64 68 57 65 89 42 77 43 76 38
54 66  8 48 84 15 93 94 57 16 64 13 62 63 53
21 70 42 29 83  5 16 76 67 46 67 83 46 29 26
96 42 49 54 58  8 41 14 35  9 74 16 50 69 45
69 90 17 18 45 48 31 29 27 85 71 92 20 11 86
41 24 82 50 24 75 34 80 71 54  5 42  8 35 93
63  4 85 53 61 54 16 18  5 43 24 88 67 79 41
17 37 56 70 56 24 95 12 96 27 55 36 41 65 23
79  6 89 69 16 56 81 98 12 19 88  3 36 67 74
38 76 47 21 80 97 35 45 74 92 98 54 91 79 46
34 56 26 62 82 38 89 33 50 62 39 63 88 13 42