56 25 17 63  9 30 75 22 42 83 69 90 88 20 30
39 20 35 79 35 66 15 56 60 72 52 14  2 16 59
5 31 55 70 49 70 92 40 13 14 49 30 50 77 81
64 63 21 21 29 10 25 60 93 24 48 52  8 30 37
4 32 10 77 45 37 89 60 59 42 48 30 22 23 15
14 10 68 95 42 29 44 23 61 57 45 98 30 27 13
50 55 23 25 51 55  9 87 21 48 55 22 47 50 86
11 43 26 31 18 59 84 33 73 20 34 92 65 87 37
9 20 11 21 11 96 94 91 92 97 28 55 89 34 61
10 58 86 86 87 18 74 64 12 22 80  5 95  6 35
47 68 60 20 14  6 20  6 46 79 32 82  7 74 54
20 99 55 78 35 26 23 87 86 25 98  1 16 33 50
35 34 66 47 48 52 33 77 38 65 58 71 14 85 13
85 86 15 68 32 83 80 81 10 12 31 38 78 44 18
60 58 16 24 57  8 41 39 28 56 37 34 39 69 52
76 87 91 13  4 32 58 62 83 48 41 36 68 28 12
1 67 98 41 84 34 86 75 93 83 66 93 47 58 64
61 49 35 92 84 57 31 50 53 11 74  8 14 12 50
19 89 67 10 75 49 75 66 37 77 94 60 38 52 61
29 73 62 19 99 95  2 39 70 90 10 60 21 40 17