84 58 71 26 98 36 12 30 87 95 45 28 73 73 45
29 22 47 75 94 15  4 82 14 35 79 34 57 23 56
73 36 48 26 49 60 15 66 90 39  8 74 63 94 91
1 35 23 93 75 50 40 60 41  7 57 72 40 75  7
13 15 17 14 67 94 18 52 53 16 33 61 47 65 39
54 80 87 36 54 72 17 44 37 88 77 84 17 82 90
4 62 33 62 86 30 39 67 42 31 83 39 67 67 31
29 29 69 26 55 46 53 65 97 24 69 22 17 39 13
12 73 36 70 12 80 99 70 51 14 71 28 35 58 35
61 49 74 90 60 88  3 60 59 94 91 34 26  4 26
89 90 95 32 18 73  9 19 97 58 36 62 13 16  1
71 47 95  7 63 49 24 46 72 73 19 96 41 15 81
45  9 97 62 77 78 70 19 86 15 23 46 32  6 70
74 46 98  1 53 59 86 98 76 12 91 98 98 11 27
73 70 14 32 19 57 17 96 56 73 32  7 79 10 91
39 87 11 81  7 79 24  9 58 42 67 27 20 19 67
76 89 64 14 11 14 99 85 81  3 46 47 40 81 27
55 71  5 83 16  4 20 15 60  8 93 33 63 71 29
92 25  8 86 22 79 23 96 24 94 97 17 48 67 47
5 77 74 59 13 57 62 37 54 69 80 35 88 47 98