76 17 58 26 90 77 63 87 74 35 60 90 64 68 28
5 79 71 42 71 20 86 88 47 62 37 87 47 97 24
2 67 28 98 66 42 46 23 94 25 89  3 38 76 76
96 79 19 36 87  6  9 18 32 37 55  3 15 12 45
71 73 17 41 71 88 43 59 37 22 21 77 66 46 52
19 12 87 22 41 29  6  4 79 78 21 27 16 54 60
96 39 82 15 22 29 64 92 68 60 37 10 47 68 74
28  3 71 59 94 60 98 77  9 57 21 74 19 74 19
7 38 63 69 13 56 53 58  2 93 90  6 66 76 60
85 46 75 34 33 94 50 20  4 28 60 74 90 51 67
88 11 35 87 14 85 12 21 23 37 12 88 98 33 76
30 89 91  3 97 71 73 16 15 98 71 19 65 89  2
61 86 71 76 88 32 31 50 25 84 79 34 59 75 78
9 59 93 69 38 65 96 67 74 41 61 68 11 24 25
86 77 21 50 72 68 91 72 65 52 45  5 71 68 25
37 27 23 26  2 36 20 65 61 27 35 50 45 80 19
5 57 70 95 46 36 88 42 49 23 63 77 47 88  7
29 64 23 42 33 65 92 80 49  3 83 20 63 78 85
67 47 48 57 84 63 48 70 85 93  1 63 87 29 90
80 14 41 73 22 93  6 81 19 62 62 85 25 70 10