6 1 15 2 19 13 16 18 3 12 14 5 10 7 8 9 0 17 11 4
8 6 10 9 19 1 0 17 2 11 7 13 18 15 4 14 5 3 16 12
1 3 4 12 0 14 7 19 10 11 5 18 13 15 16 8 9 2 17 6
18 15 10 1 19 9 2 12 4 0 13 16 14 11 3 5 8 17 6 7
2 10 12 15 7 14 17 5 8 1 13 0 3 16 4 9 11 18 6 19
0 16 10 9 17 8 5 3 19 11 15 2 14 4 12 13 1 6 7 18
11 0 1 19 9 10 8 17 18 16 4 3 12 7 6 15 5 14 2 13
16 3 8 10 18 7 1 14 19 2 12 6 5 11 17 4 13 9 15 0
17 18 15 11 10 12 14 3 1 0 16 9 6 19 7 8 4 2 13 5
9 5 3 2 11 4 16 14 7 13 1 18 8 15 12 6 17 19 0 10
5 9 18 0 3 16 6 1 2 11 15 19 7 8 4 10 12 17 14 13
11 5 9 4 3 15 17 7 18 19 13 1 6 12 10 0 14 16 2 8
15 3 4 7 18 13 19 9 2 10 11 14 6 17 12 16 0 8 1 5
13 10 16 8 4 1 2 19 14 12 18 17 0 5 9 7 6 3 11 15
0 5 4 19 14 8 1 16 15 10 12 2 11 6 7 18 13 3 17 9
11 16 17 10 15 12 0 5 4 8 3 7 13 1 18 9 19 6 14 2
7 8 5 13 19 16 11 1 14 18 10 6 3 15 4 2 0 9 17 12
17 10 15 5 4 14 8 18 13 6 19 3 1 9 11 2 12 16 7 0
14 3 16 0 10 18 4 1 5 19 12 9 11 15 13 7 17 8 6 2
13 10 3 14 1 8 0 16 19 4 6 9 11 5 2 7 17 12 15 18