9 6 2 14 18 13 0 1 10 19 17 16 11 15 7 8 12 4 5 3
10 5 17 19 4 11 9 12 0 7 8 15 1 6 13 14 2 3 16 18
6 8 19 10 14 5 4 17 2 11 15 0 7 3 1 13 9 12 16 18
11 4 17 15 8 13 9 6 16 19 0 7 1 10 18 3 2 5 12 14
11 19 16 0 8 5 2 10 18 13 9 3 12 15 7 4 1 17 6 14
11 9 16 7 6 15 1 19 10 18 8 17 2 14 4 12 13 3 0 5
3 12 2 7 16 14 15 9 19 18 1 5 0 10 11 8 13 6 17 4
18 12 0 9 3 7 16 8 4 17 11 10 5 2 14 15 6 19 1 13
0 17 8 12 6 15 13 1 9 5 11 2 18 3 7 4 16 10 19 14
11 18 5 6 0 10 2 1 15 14 3 12 4 19 16 8 13 7 17 9
13 7 6 17 15 10 2 19 12 11 1 16 8 14 3 0 5 4 9 18
6 19 12 13 5 10 9 18 14 16 7 11 0 2 3 15 4 17 1 8
6 9 10 14 12 5 11 7 2 17 19 4 15 0 1 13 16 3 18 8
11 19 5 7 10 9 15 4 2 14 6 12 0 13 16 17 1 18 3 8
9 19 5 10 4 11 0 6 2 3 7 13 1 18 8 15 16 14 17 12
7 4 6 2 3 18 0 5 1 8 13 17 11 14 19 16 12 15 10 9
15 12 5 2 8 7 14 9 4 3 13 6 16 17 19 1 11 10 18 0
19 13 9 5 6 4 8 3 15 10 2 12 0 1 18 16 14 11 7 17
7 17 5 12 4 14 13 2 18 9 1 11 0 6 16 10 15 8 19 3
8 14 11 18 15 16 19 13 17 1 9 5 6 0 3 4 10 2 7 12