18 15 6 8 14 12 19 11 7 4 9 16 10 13 3 5 2 0 1 17
18 13 8 3 1 19 14 16 0 2 9 10 11 4 5 12 6 7 15 17
10 7 4 17 14 0 8 1 16 5 3 13 2 15 6 18 19 12 11 9
2 19 5 16 11 15 13 4 0 8 17 6 18 10 9 3 1 7 12 14
12 15 2 3 11 7 10 17 9 16 0 13 4 14 1 19 8 6 5 18
6 12 13 8 14 0 5 11 7 2 19 3 1 18 4 15 10 16 9 17
11 15 17 7 18 9 12 4 16 1 2 10 8 5 0 3 14 6 13 19
18 17 0 7 4 12 1 10 2 15 13 14 19 5 6 3 9 8 11 16
15 11 12 7 1 0 14 9 18 8 13 5 16 3 19 4 10 6 17 2
7 18 4 19 12 9 13 5 2 15 10 14 0 16 1 6 8 17 11 3
17 13 18 14 19 1 6 11 12 4 15 0 16 3 10 8 2 9 7 5
10 14 12 9 2 0 19 5 4 13 7 11 3 15 18 16 1 6 17 8
7 19 1 10 11 14 8 9 4 5 12 15 17 13 3 6 2 18 0 16
17 11 13 1 2 4 7 0 10 8 3 19 14 6 9 5 18 16 12 15
11 3 5 19 10 1 17 7 6 13 2 18 0 15 12 8 14 16 9 4
12 8 16 0 18 13 7 19 4 9 17 5 11 14 10 3 6 15 1 2
9 5 19 7 11 12 16 14 13 0 8 4 10 18 1 6 3 17 15 2
19 4 6 1 14 2 0 18 7 10 3 12 15 9 13 5 8 17 16 11
19 3 15 4 7 12 13 16 18 14 17 5 8 0 2 11 6 10 9 1
11 17 13 4 3 15 18 12 0 10 5 19 9 2 7 14 6 8 1 16