10 9 16 18 17 5 14 2 13 19 12 3 8 4 1 15 0 6 11 7
4 19 5 6 2 7 16 12 9 11 8 13 14 3 1 15 18 17 0 10
10 3 14 0 16 1 2 5 7 15 17 13 19 4 11 12 9 18 8 6
1 8 17 11 0 10 12 5 13 4 6 3 15 7 16 14 9 2 19 18
13 16 18 10 15 4 14 5 19 2 17 0 6 7 3 1 9 12 11 8
5 7 15 19 17 4 12 2 3 18 8 13 0 9 14 10 11 6 1 16
10 3 12 8 9 16 19 6 13 11 17 0 14 18 1 4 15 5 7 2
4 14 18 3 16 7 9 10 17 11 15 0 5 6 19 13 12 1 8 2
8 4 7 5 9 19 3 0 13 14 11 17 16 10 1 2 12 6 18 15
11 19 12 4 18 6 8 13 15 2 0 1 3 17 16 10 5 9 7 14
0 17 1 18 13 12 6 7 2 5 15 10 11 9 19 16 4 14 3 8
0 10 5 8 2 1 15 7 18 3 12 13 9 17 19 11 16 6 14 4
16 13 4 19 18 6 10 5 9 17 1 12 14 8 15 11 3 0 7 2
17 13 4 12 7 0 11 3 2 8 16 18 1 6 14 15 10 19 5 9
12 10 16 5 9 0 6 18 1 2 15 11 14 3 8 7 13 19 17 4
7 1 4 13 16 12 9 3 14 18 0 10 5 17 8 2 19 6 15 11
14 8 18 17 15 19 3 12 16 0 2 1 13 5 10 11 9 7 6 4
8 9 15 7 5 1 0 18 14 2 6 12 17 4 10 19 11 13 16 3
16 4 15 14 8 7 18 19 12 5 6 9 1 2 13 3 0 11 17 10
4 8 2 14 15 6 13 17 12 9 7 5 3 1 0 11 19 10 18 16