1 18 4 15 16 19 0 10 5 14 13 7 8 6 2 11 3 9 12 17
4 2 3 14 1 0 13 17 18 16 5 10 9 15 19 11 8 6 7 12
1 16 8 18 13 14 6 0 9 15 19 3 12 5 4 11 10 7 2 17
19 3 4 9 1 2 18 8 6 16 13 14 12 5 7 11 15 10 17 0
15 12 1 10 0 19 11 13 2 14 17 6 16 3 7 4 8 9 18 5
3 7 9 0 5 6 14 16 4 2 19 12 13 18 1 11 17 10 8 15
17 3 11 9 4 13 16 8 0 18 1 19 10 5 6 15 14 12 7 2
17 13 16 4 11 7 12 6 8 10 2 18 0 9 15 1 3 5 14 19
0 11 1 18 2 13 9 7 8 15 16 12 14 10 6 17 3 5 4 19
9 3 6 12 0 13 2 1 17 16 18 19 4 11 14 7 15 5 8 10
12 10 16 9 18 7 8 0 6 3 15 1 5 4 17 14 13 19 11 2
6 18 8 4 7 17 0 14 11 19 3 10 9 16 12 5 1 13 2 15
17 4 16 12 19 1 2 18 11 3 10 6 5 7 9 0 8 13 15 14
14 11 1 9 12 7 10 19 2 17 13 16 8 15 5 3 18 0 6 4
4 10 19 18 16 11 5 15 1 7 2 14 13 3 17 0 12 6 9 8
2 3 7 18 14 6 12 0 9 13 4 16 10 5 19 11 17 15 8 1
3 2 15 9 18 11 7 17 16 8 19 13 0 6 4 10 14 1 5 12
4 10 8 1 12 18 17 15 11 19 3 14 13 7 2 9 5 6 0 16
13 15 5 14 3 18 17 10 2 19 6 12 11 16 7 0 4 1 9 8
3 13 18 8 11 9 17 12 16 0 2 14 19 7 10 1 15 4 6 5