7 4 0 10 17 18 16 15 3 11 5 6 9 19 12 8 14 13 2 1
3 19 17 14 11 1 2 7 16 13 9 5 8 0 18 10 6 4 15 12
15 0 4 8 2 14 18 12 7 5 6 16 17 11 10 13 19 9 1 3
17 7 12 9 0 13 1 14 2 16 10 18 8 4 6 15 19 5 3 11
19 6 5 15 13 4 2 18 3 16 11 14 1 17 8 9 7 10 12 0
14 0 5 18 11 2 12 7 6 13 4 19 15 1 3 10 16 17 9 8
8 14 18 7 6 3 1 11 17 10 15 19 4 2 16 13 9 0 5 12
17 18 13 15 5 8 19 16 0 2 7 3 1 9 11 14 6 10 4 12
11 0 9 18 1 19 16 12 6 10 7 14 15 8 4 13 17 5 2 3
0 8 18 4 13 14 1 7 19 15 16 10 3 6 11 5 12 17 9 2
16 6 3 8 10 1 19 17 0 13 2 4 5 12 9 15 7 18 11 14
4 7 16 10 9 0 18 1 19 8 14 2 13 11 6 5 12 15 3 17
12 13 2 18 9 8 0 10 7 3 15 17 6 16 14 5 4 11 1 19
17 18 5 8 2 4 9 15 7 10 3 12 13 16 14 1 0 6 11 19
12 7 10 2 18 4 19 14 13 3 6 1 5 16 15 8 9 0 11 17
0 3 15 1 16 13 14 7 18 10 5 11 6 19 2 17 8 9 12 4
3 15 1 4 2 11 13 17 18 14 16 0 6 8 12 5 9 19 7 10
2 17 10 1 19 12 6 8 15 14 5 9 3 18 11 13 0 4 16 7
11 3 19 1 15 14 8 6 4 16 0 5 13 10 17 2 18 12 7 9
2 17 9 10 3 5 1 0 16 14 15 12 11 8 18 4 13 19 6 7