7 13 17 6 8 11 4 3 12 18 9 2 0 1 10 16 15 14 5 19
7 17 16 10 0 15 12 1 2 9 18 5 3 6 19 14 4 11 8 13
11 17 19 0 2 4 8 14 10 3 5 12 18 15 1 16 6 7 9 13
2 7 17 12 1 16 13 6 19 3 18 11 5 0 4 14 8 10 15 9
3 5 12 0 10 17 16 2 7 8 9 18 19 4 13 11 1 6 15 14
9 13 6 0 7 18 12 17 19 10 3 4 16 1 15 8 2 11 14 5
7 3 5 17 14 19 8 9 13 11 1 12 16 0 2 18 15 4 10 6
15 16 12 5 4 9 18 3 8 19 17 6 13 11 0 7 14 10 1 2
2 5 6 19 4 18 1 0 8 9 7 12 13 14 17 15 16 3 10 11
19 0 17 14 7 11 8 6 12 4 10 2 16 13 3 9 1 15 18 5
10 4 14 9 19 6 18 0 13 12 16 5 7 8 17 3 1 2 15 11
4 18 12 15 3 8 19 9 5 6 16 14 10 0 2 1 17 13 11 7
4 5 6 7 11 10 0 17 2 9 14 13 1 16 8 19 15 12 3 18
5 0 17 14 8 12 2 9 18 6 19 3 13 7 4 15 11 1 10 16
10 1 15 5 8 4 9 13 14 2 17 6 3 16 19 11 7 18 0 12
1 5 2 16 11 17 14 8 9 18 4 12 15 19 7 0 13 6 10 3
1 18 2 14 5 8 10 6 19 4 13 9 16 7 11 12 15 0 3 17
11 3 14 7 1 13 18 9 19 12 8 15 4 6 16 17 2 10 0 5
10 2 17 7 8 18 13 6 5 16 0 15 1 3 12 11 9 14 19 4
8 16 0 2 11 10 19 17 7 14 3 4 13 15 6 5 1 9 12 18