10 2 9 3 7 4 18 12 6 14 15 0 5 17 8 13 19 11 16 1
0 14 2 11 8 6 7 15 12 18 1 16 13 19 10 5 4 3 17 9
8 7 1 12 4 18 14 2 15 10 11 16 0 17 9 5 13 19 6 3
10 15 0 6 18 16 9 2 19 5 11 13 8 7 4 17 12 1 3 14
10 18 16 4 5 9 8 3 12 14 17 1 0 11 2 19 15 13 7 6
3 12 9 11 19 14 2 1 10 13 5 8 7 17 16 18 0 15 4 6
2 7 6 19 5 9 11 16 10 8 1 18 4 0 13 3 15 14 12 17
12 7 18 19 5 10 8 14 11 17 0 9 15 6 1 4 3 2 16 13
8 12 7 4 5 10 3 9 0 2 13 11 1 19 14 16 17 15 18 6
17 14 5 10 13 11 9 4 2 7 0 3 6 8 18 1 15 16 19 12
2 17 9 14 1 7 15 3 4 6 5 0 18 11 10 12 16 8 19 13
19 10 9 4 1 7 18 2 15 11 3 8 13 16 6 12 17 5 14 0
0 16 1 12 17 13 8 19 4 3 7 9 18 15 10 6 2 11 5 14
7 12 13 8 17 9 16 10 6 3 14 4 11 19 5 1 18 15 0 2
5 10 1 4 2 6 14 7 11 18 9 13 15 3 0 19 17 16 12 8
4 13 18 3 19 10 14 2 12 1 7 11 5 8 15 6 9 0 16 17
8 15 16 19 5 6 12 2 10 14 0 3 9 13 1 4 11 17 18 7
5 19 11 12 6 3 4 8 1 17 18 2 13 14 15 16 10 7 0 9
7 1 10 18 14 16 5 13 4 19 2 6 0 12 11 15 3 17 8 9
0 9 16 4 2 7 15 13 1 6 19 3 10 8 11 5 18 12 17 14