17 7 9 12 4 5 14 8 0 2 18 3 10 11 16 13 19 15 1 6
18 10 6 3 4 16 1 14 15 13 11 19 17 8 0 9 2 5 12 7
13 16 8 7 4 3 15 19 18 17 5 1 10 14 12 11 6 9 2 0
13 18 4 6 5 14 9 19 1 3 10 7 12 2 15 11 8 17 16 0
17 10 8 12 3 14 16 15 2 0 7 5 13 19 11 18 6 4 9 1
5 0 19 17 8 7 12 6 1 3 13 16 15 2 14 10 9 11 18 4
17 14 6 8 18 2 16 12 5 0 4 15 7 10 3 19 1 11 9 13
11 1 15 16 2 13 9 14 0 6 18 10 7 5 4 17 3 19 12 8
17 10 7 2 16 13 11 0 8 4 19 3 1 12 5 18 9 14 6 15
18 15 14 12 9 19 10 16 7 17 6 11 0 2 4 8 13 5 3 1
1 0 9 6 19 17 11 18 15 16 14 8 7 13 3 10 12 4 5 2
15 2 10 19 9 3 17 16 13 11 4 6 1 7 14 12 5 18 0 8
6 1 19 14 17 11 10 3 13 2 12 15 4 16 8 18 5 0 9 7
2 10 1 19 5 12 8 14 17 13 11 4 16 18 15 0 6 7 9 3
14 0 8 3 9 10 2 17 4 6 19 1 16 5 12 13 15 7 18 11
8 12 13 10 7 0 4 16 5 15 18 3 9 2 11 19 14 6 1 17
8 12 19 11 10 4 2 7 9 6 0 15 13 1 16 14 5 3 17 18
9 6 16 4 3 2 14 8 12 7 17 15 19 18 1 0 5 10 13 11
9 18 12 10 14 16 1 17 4 7 0 8 2 15 19 6 5 3 11 13
6 2 17 9 19 11 14 7 4 3 8 12 18 15 16 0 5 1 10 13