3 2 19 11 10 13 16 15 1 0 12 17 18 9 5 7 14 4 8 6
14 12 4 17 7 2 10 15 8 9 3 6 16 13 11 1 0 5 19 18
18 17 0 13 7 1 11 19 5 3 2 16 15 4 8 14 9 12 10 6
17 10 8 12 5 16 14 11 6 1 9 4 19 0 18 15 3 2 13 7
8 12 1 10 13 15 5 17 9 7 18 3 4 0 2 14 19 11 16 6
6 0 9 16 14 18 17 10 2 13 11 7 19 1 8 3 4 15 12 5
12 1 6 14 11 15 3 10 9 19 5 17 2 4 8 18 7 0 13 16
5 12 19 1 8 13 18 9 10 2 17 3 15 6 16 7 0 4 11 14
2 8 3 10 16 15 0 17 7 13 5 14 12 9 19 6 18 11 4 1
17 2 7 19 11 16 13 10 15 1 5 6 8 9 3 12 18 14 0 4
7 12 8 11 16 15 4 3 14 9 19 2 13 17 6 1 10 18 5 0
4 17 11 16 15 18 14 19 6 7 5 10 13 0 3 9 2 8 1 12
8 16 12 2 5 15 10 17 7 13 4 1 0 3 19 9 18 14 11 6
1 8 18 11 17 9 10 16 19 5 12 4 3 6 7 2 14 0 13 15
13 7 4 0 19 2 14 3 11 17 16 10 1 9 12 6 15 8 5 18
15 0 18 16 8 4 5 14 7 17 1 3 10 19 6 2 13 12 9 11
3 11 2 9 15 1 10 7 19 5 8 13 17 6 0 16 14 12 18 4
17 6 11 5 16 4 12 9 18 0 10 14 7 3 15 1 8 19 2 13
5 6 8 12 2 9 16 13 18 1 7 17 0 15 19 3 11 4 14 10
3 15 10 4 18 1 16 9 12 7 11 0 2 19 13 14 17 5 6 8