84  9 34 62 11 60 43 52 77 37 15 43  8  5 36 56 46 51 86 86
61 56 60 78 73 12  8 16 12 63 31 62 97 53  1  3 99 65 63 32
86 53 59 12 34 27  2 86 85 21 58 70 55 77 15 20 32 42 17 38
3 13 67 13 63 88 68 21 21 86  7 91  8 56 92 58 94 54 57 87
29 74 89 18 38 75 18 15 95 11 24  4 12 17 34 35 62 90 48 21
11 14 90 74 67 91 70  8  7 49 13 78 75 80 31 22 99 66 80 66
97 63 11 71  1 63 70 33 74 76 86 87  9 18 51 27 48 31 45 76
19 64 94  4 81  5 72 30  2 16 38 93 15 17 61 71 18 22 17 20
61 66 62 70 59 80 82  2 97 76 72 90 74 95 41  9 46 20 78 32
61 90 37 86 15 19 62 82 86 59 92 89 82 48 13 29 28 45 84 62
7 86 79 67 85 68 94 61 47 49 50 55  3 18 79 32 43 97 53 44
20 50 72 90 25 24 43  4 26 62 42 77  9 61 19 69  9 60  5 54
45 73 50 58 94 90 97 42 36 72 84 33 44 59 47 40 81 85 26 28
67 46  9 40 81 97  7  2 69  9 17 81 81 46 26 30 88 73 44 99
16 62  3 30 16 40 62 96 75 69 86 90 93 15 30 46 50 29  9 97
5 73 54 81 26 36 35 56 62 31  2 23 60 12 88 38 95 65 86 64
3 99 81 93 82 17  1  1 32 36 30 62 90 20 98  3 66 75 79 67
52 76 79 63 52 23 35 22 58 13 26 68 84 16 28 28 54 76 86 47
74 34 68 37 26 48 29 24 60 98 54 97 19 99 62 46 25 53 11  4
15 92 41 63 87 67 77 89 65 17 24 67 10 87 91 58 52 26 33  3