47 61  7 13 52 33 83 60 57  7 74 93 59 46  7 84 56 58 45  4
97 15 18 73 37 94 20 69 13 26 48 71 96  5 42 15 64 36  6 74
87 89 28 81 47 53 67 78 14 92 94 26 68 36 79 71 94 28 25  2
99 65  9 52 10 55 20 67 69 16 10 54 47  4 66 33  9 53 30 29
33 64 17 81 42 60 14 95 36 95 37 85 48 74 76 68 77 14 91 69
86 16 34 83 79 89 22 74 58 71 22 36 53 80 53  1 57 68 26 26
4 83 26 54 16 88 16 61 41 54 98  3 84 11 55 18 67 62 17 31
16 99 46 40 54 27 71 95  9 46 57 86  7 16 70 15 71 41 83 14
30 24 95 41 53 84 55 54 42 75 55 57 62 23 28  3 83 88 11 68
78 63 21 64 91 75 53 35 77 29 68 92 89 49 47 33  4 58 18 33
25 86 55 68 56 43 23 15 88 28 41 87 75 77 49 52 80 25 94 55
40 29 27 70 76 19 67  9 10  8 83 49 70 62 70 38 68 46 77  9
72 82 78 12 98 98 46 79 88 11 36 67 97 22 53 21 22 17 43 60
60 77 32 51 31 65 18  3 31 12 35 54 44 10 43 77 40 98 69 33
72 42 20  2 50 67 81 95 39 45 82 50 89 77 63 44 42 40 86 84
62  6 46 40 75 89 11 13 89 71 69 86 60 92 56 88 80 18 75 66
51 16 60 38 43 94  3 53 80 96 70 66 83 82 83 70 22 94 46 57
6 28 71  9 27 88 90 72 43 16 36 44 41 37 80 84 86 91 24  3
43 27 46 67 89 10 63 33 14 95 61 66 68 46 27  5 17 64 10 74
83 35 39 97 99 77 98 88 51 31 88 24 34 44 29 37 23 15 50 56