30 80 34 92 29 96 25 49 67 53 20 52 29 51 35 38 18 43 46 98
73 68  3 98 68  8 15 88 72 20 89 59 68 63 41 30 43 80 64 14
6 36 88 71 51 63 32 16 63  7 18 90 55 25 72 92 88 69 89 83
58 35 79 43 86 50 64 88 57 25 73 18  4 69 40 28 37 42 82 83
2 41 13 75 31 66 72 66 96 45 29 49 96 50 38 80 90 36 50 76
15 31 89 87 55 49 23 19 38 93 75 45 75 72 65  6 16 24 24 44
4 22 99 10 85 79  2 54 80  2 58 33 92 93 94 34 36 48 54 12
19  2  7 60 36 11 97 57 71 60 20 68 53 54 59 16 60 68 65 42
57 16 92 99 82 91 12 19 59 43 20 84 24 80 60 82 62 32 29 20
76 78 78 42  3 30  7 82 62 13 84 22 78 80 58 53  6 85 23 99
83  9 72 88 84 87 78 65 23  7 35 94 33 10  6 85 88 18 94 92
28 33 93 11 25 67 44 28 69 67  9 82 43 53 48 39 52 75 81 44
24 44 58 73 30 25 21 14  6 41 19 21 36 72 96 32  5 46 61 82
91 42 97 65 78 40 93 64  8 56 10 93 28 77 87 26 33 17  2 35
15 45 96 11 95 39 22 73 79 64 79 88 65 24 38 17  3 73 59 92
3 28 17 71 91 17 69 69 51 40 93 82 47 42 59  7 43 83 45 83
67  9 37 62 82 69 34 39 15 84 32 72 68 95 70 80 78 80 30 44
13 96 26  4 89 98 83  8 70 68 37 20 35 99 27 12 73 92 98 75
75  1 35 73 35  6 38 34 70 51 16 78 58  9 97 55 38 65  1  8
27 36 50 21 32  6 34 84 50 39  4 94 49 20 98 64 41 29  4 90