24  8 42 87 95 14 30 89 69 32 59 20 26 35 83 25 48 51 58 99
5 34 32 29 44 79 73 13 25  8 37  6  1 31 97  7 47 91 74 38
67 68 44 31 90 29 21 37 82 27 33  1 73 35 83 79 79 92 44 78
13 85 76 84 77 20 63  1  5  5 50 11  8 14 34 20 58 32 56 74
71 12 79 78 26 38 72 83 51  9 45 13 31 91 40  5 91 24 96 72
83 98 83 22  8 28 93  5 82 65 77 56 66 61 82  9 82 35 83 51
38 78 91 21 88 93 15 10 68 75 53 35 11 68 98 56 37 57 15 83
3 98 19 67 33 78 59  2 32 78 97 77 72 34 45 26 79 28 88 19
46 28 99 95 17 84 68 26 32 85 98 59 67 44 80 70 95 70  9 49
27 17  6 62 90 17 58 94 11 65 96 76 58 60 51 51 98 26 92 66
92  9 71 66 57 56  8 80 11 78 50 37 92  5 13 63 21  6  2 27
70 55 13 50 23 75 24 69 72 53 94 25 21 57 16 17 70 34 42  6
94 80 74 71  8 51 87 86 37 93 82  1 76 49 35 44 50 75 63  4
19 40 30 92 10 60 32 71 73 61 31 94 61 85 91 98 35 55 84 93
68 13 30 83 46  8 41 83 33 19 75 37 17 29  5 62 96  7 73 39
49 19 10 67  6 42 87 83  7 51 55 79 24  2 88 80 37 58 20 45
89 33 27 20  2 26 88 24 62 68 59 53  7 85 66 14 22 15  8 58
88 88 91 72  9 41 76 24 77 60 93 39 93 71 13 73 44 15 19 95
93 34 36 82 28 52 22 33 77 27 62 59 52  1 39 85 62 34 77 74
15 38 83 32 12 41 81 79 90 12 18 37  1 91 73  5 82 64 37 91