33  8 81 68 28 91 91 74  7  7 19 50 65 53  9 90 69 50 58 13
69 10 58 10 91  5 37  9 93 94 46 55 99 28 95 94  4 51 59 10
79 70 35 82 35 84 34 87 91 69 12 31 94 65 13 16 39 46  4 74
50 40 81 47 96 67 94 53 22 17 23 24 66 15 56 84 79 25 13 72
7 81 62 50 91 77 32 10 78 78 21 78 21 10 88 23 92 34 88 48
66 71 55 25 43 24 87 59 90 63 90 22  6 50  9 18 19 52 83 66
66 39 10 80 55 38 29 41 63 32 91 27 72 71 61 35 17 26 42 64
11 33 84 12 18 57 43 24 77 85 62 49  5 46 93 85 92 30 64 77
38 30 31 25 90 79  3 52 87 30 87  4 57 43 55 21 30  1 72 75
9 49 91 39 40 59 20 27 67 22  2 47 91 11 70 97 78 69 17 40
57 32 67 26 23 55 14 77 77 82 34  1 64 90 37 47 27 54  3 94
25 33 12 27 32 49 35  5 73  3 28 54 45 32 53 99 85 86 13 99
64 77 82 32 75 32 68 16 63 81 31 58 73 12 25 64 98 72 47 84
17 98 99 39 73 82  1 43 48 62 44 50 44 72 89 45 44 21 79 60
87 63  8 20 88 88 77 88 46 30 44 42 84 41 74 52 25 87 43 77
39 93 44 23 75  7 60 45 71 49  3 68 56 20 35  8 79 21 48 43
75 92 83 48  7 99 43 94  6 34 48 60 33 16 34 99 83 11 80 43
97 80  2 37 31 37 58 11 24 84 10 30 97 89 47 37 73 11 90 54
1 97 68  8  7 72 38 50 42 32 54 94 31 52 76 20 29 56 36 16
29 31 49 91  7 37 86 75 21 46 47  1 16 29 47 81 52 44 95 79