84 45 53 48  9  9 39 79 83 50 24 49 81  5 70 89 91 25 80 36
75 48  6 32 68 23 44 21 42 13 74 31 62 91 65 66 26 96 97 51
49 26 35 64 55 78 72 83 59 16 92 68 64  4 76 82 70 75 65 31
55 58 37 32 31 65 65 85 50 94 37 20 94 20 31 30 49  8 22 47
81 68  2 69 38  7 81 79 76 94 65 11 98 38 95 93  9 21 17 79
64  7 94 29 77 75 50 78 57 29 66 93 74 73 80  8 26 87 69 85
49 59 91 59 25 44 50 41 33 89 79  3 54 82 63 31 15  2 67 71
4 20 23 33 65 44 57 20 93 23 18  8 72 54 18 93 43 18 56 21
58 25 34 89 54 89 12 51 74 78  4 72 81 92 69 35 25 35 10 33
33 84 75 66 49 77 87 44 37 67 33 75 65 44 66 45 93 98 22 67
17 26 54 25 92 34 47 80 24 92 75 68 84 72 84 94 69 96 34 29
66 79 74 67 72 22 50 30 47 75 43 44 71 61 54 99 11 97 75 81
35 75 99 72 92 90 26 91 70 82 13 45 82 58 38 19 66 23 49 19
82 74 40 33  9 33 26 44 18 73 41 96 39 91 89 11  1  2 69 10
25 32 41 14 67 25 94 89 21 98 92 72 57  4  1  2 84 91 42 85
29 98 41 87 52  9 22  2 79 73 16 22 97 13 19 13 50 43 91 34
91 41 47 61 66 31 92 42 19 98 36 29  8 25  5 90 62 63 17 23
69 78 61 52 40 71 40 61 93 37 32 48  7 37 69  4 79 81 10 75
90 16 68 32 96  7 42 52 38 68 72 78 10 61 40 31 81 69 84 27
91 17 75  7 44 10 32 78  9 69 45 87 90 50 42  2 21 62 93 88