14 62 32 81 65 53 31 98 34 27 60 43 30 24 61 40  7 15 50 10
12 42 69 12 84 24 87 69 45 37 38 72 54 66 45  4 61 20 49 17
60 45 34 74 65 75 92 69 40 26 69 30 18 88 49 68 25  1 95 25
77 61 42 65 99 81 84 33  8 21 26 58 91  7 95 91 91 14 46 49
62 88  2 12 68 99 46 35 87 53 60 54 99 59 10 34 67 31 52 53
21 92 33  8  9 51 44  1 69 83 17 86 51 95 40 32 84 54  3 31
46 87 45 62 10 19  3 69 51 56 20 51 41 12  6 45 17  2 93 39
10 82 44 22  9 55 29  3  3 77 78 43  9 84  1 11 59 97 23 83
3 89 34  4 94 10 90 16 18 55 69 39 99 77 65 55 27 84 94  2
85 98  6 74 24 54 85  7 60 49 92 59 26 97 87 28 81 46  4 82
49 99 92 55 38 23 97 42 94 95 93 31 91  3 30 28 56 21 51 22
51 65 71 81 56 45 41 26 52 88 97  3 32 16  1 13  8 50 66  5
93 78 90 25 83 40 83 67 59 90 91 50 22  9 12 28 28 40 43 29
65 30 14 33 50 91 19 50 86 83 13 49 30 43 46 67  6 77 87 64
92 96 76 42 39 17 46 61 17 29 69 58 69 98 60 97 76 41 55 32
37 38 77  4 72 31 32 98 44 65 16 84 60 88 20 60 92 91 72 58
15 37 51  9 15 14 73 93 79 63 21 68  9 51 25 57 41 51 80 20
50 50 19 81  1  6 15 30 19 36 64 76 40 32 77 62 52  7 97 40
29 35  7 59  1 65 92 39 56 93 29 54 41 54  7 85 74 79 72 79
31  9 76 54 44 39 48 17  4 13 87 24 68 84 82  1  4 60 56 58