86 43 61 99  7 70 21  2 88 38 65 81 38 51 81 37 72 94 44 99
80 66 90 83 89  7 55 17 13 45 28 73 44 65 50 84 70 71 32 91
90 43 37 71 64 88 27 30 34 99 10 44 99 94 96 98 44  7 33 59
34 52  5  4 84 54  3 97 39  9  9 91 60  4 63  3 35 79 66 97
52 51 72 24 96 54 51 61 92 81 74 49 24 59  4 21 78  2  3 49
42 47 10 27 38 92 88 16  3 56 80 10 26 78 69 91 82 77 73 96
19 38 83 50 31 87 67 99 69 77  4 31 96 77 80 68 74 86 30 54
25 47 10 16 83 62  3 38 87 19 98  2 58 30 22 55 80 69 77 40
17 98 25 41 62 28 52  5 25 37 93 63 23 58 92 70 90 29 26 69
41 65 34  4 73 79 58 14 97 71 97 95 58 12 17 66 78 68 69 53
27 83 20 12 86 34 36 28 63 37 23 50 90  5 17 80 35  4 41 81
85 92 90 95 19 59 94 75 75 47  9  6 43 30 88 19 10 76 58 29
23 87 50 76 26 28 36 35  4 32 22 74 52 13 14 61 47 87 73 64
80 43 45 92 68 66 60 37 60 51 41 61 98 59 95 38 67 12 95 22
57 96 11 25 69 59 45 52 85 26 91 57 30 32 58 40 11 19 19 82
81 83 77 45 63 95 25 48 27 56 54 82 32 99 41  1  2 61 23 26
47  9 90 28 68 23 66 46 75 96 68 60 46 35  9 89 96 42  2 86
90 52 10 25 59 55 30 33 18 80 73 41  9 64 79 31 79 44 14 73
59 57 67 47 13 35 72 74 56 85 52 25 92 92 81 76 91 93 36 88
28 89  3 75 31 87 66 67 34 19 30 91 53 81 13 15 59 17 85 11