2 8 6 0 4 15 16 13 5 12 10 7 14 19 1 3 18 17 9 11
0 10 13 3 2 7 1 16 9 17 18 15 11 8 19 5 4 12 14 6
0 19 11 9 15 3 13 18 1 5 7 6 10 4 14 8 12 2 16 17
7 19 10 11 9 14 6 12 16 13 5 15 4 3 17 8 1 18 2 0
0 6 11 1 3 16 19 12 10 7 5 2 15 4 18 14 9 8 13 17
17 8 19 16 0 12 13 14 3 2 1 10 7 9 15 4 6 11 18 5
18 1 9 11 17 0 2 6 16 10 4 14 19 12 15 7 3 5 8 13
14 9 11 8 2 16 4 1 19 6 0 7 15 18 12 17 13 3 5 10
3 14 9 0 11 10 4 12 5 16 2 1 13 7 17 19 6 18 8 15
13 7 9 0 3 8 11 4 5 14 15 6 2 17 1 10 19 18 16 12
4 17 2 8 11 19 18 13 12 3 1 10 5 15 14 9 16 6 7 0
6 0 12 18 1 14 19 16 10 8 17 11 2 13 7 4 5 15 3 9
2 7 13 0 19 4 9 11 16 3 5 6 14 18 12 15 10 1 17 8
14 3 6 7 8 12 15 5 16 4 0 17 1 18 2 19 10 11 9 13
18 11 2 3 5 4 15 13 19 6 1 14 0 12 8 9 16 7 10 17
10 13 16 8 17 11 7 5 14 15 6 3 0 19 18 2 4 12 1 9
2 10 19 7 18 4 6 5 0 11 13 1 9 12 8 16 14 3 15 17
1 13 11 2 3 18 17 9 16 6 12 15 0 4 7 14 8 5 10 19
18 10 12 16 1 11 8 19 9 17 5 2 13 14 7 6 15 0 3 4
7 8 14 11 10 13 6 16 19 2 18 3 5 4 1 12 15 0 9 17
11 6 17 8 4 12 1 0 19 9 16 18 2 3 10 15 14 7 5 13
16 19 4 5 3 18 15 8 13 0 10 14 11 1 12 2 9 6 17 7
3 4 2 9 7 16 0 5 13 11 8 14 18 10 17 6 12 15 1 19
7 2 14 5 6 9 10 15 3 16 18 12 11 17 0 8 4 13 19 1
17 11 18 7 12 4 10 3 8 13 2 9 15 19 6 1 16 14 5 0
1 4 10 7 0 9 14 5 2 18 6 3 19 16 11 12 15 17 13 8
10 14 12 6 18 2 13 8 9 19 11 15 17 7 0 5 16 3 1 4
14 13 1 5 17 2 4 18 3 12 19 0 10 9 11 8 7 15 16 6
5 11 16 12 15 10 0 2 14 4 8 1 18 9 17 7 19 6 3 13
19 14 4 8 0 1 15 9 3 12 6 13 17 7 11 16 5 2 18 10