59 77 73 46 99  7 11 75 27 22 33 70  9 17 33 17 40 75 15 80
16 25  8 41 48 88 38 61 27 78 84  7 16 90 66 41  3 47 33 57
87 14 49 90 87 29 47 68 12 68 66 58 67 89 32 89  2 63 70 77
10 74 56 88 77 79 69 42 12 76 78 74  1 16 34 60 66 71 77 84
95 24 86 61 67  4 27  8 13 12 43 64  6 50 36 46 71 81 42  4
82 99 34  4 89 84 77 51 12 72 37  4 18 91 99 16  6  4 77 97
37 44 81 72 13 66 52 68  4 14 31 91 71 86  4 55  7  8 89 80
34 32 55 66 18 76 32 28  7 75 77 24 91  4 72 84 50 45 25  6
6 97 68 22 82 74 12 80 79 15 48 91 51 19 74 48 68 43 13 31
82 19 80 13 35 98 68 12  1 15 58 94 54 74  9 50 82 68 23 76
79 20 74 43 88 99 46 75 67 81 94  6 60 93 88 39 32 88 80 30
74 53 31  1 19 18 38 79 46 74 82 84 27 46 11 37 97 88 25 51
59 59 55 20 92  1 31 61 87 10 40 35 15 86 20 43 39  9 38 28
26  2 81 64  9 47 28 78 64 77 16 69 50 81 31 87 42 23 46 45
61  7 75 72 83  8 63 27 81 76 57  7 88 62  5 32 25 53 43 75
12 48 71 54 49 47 37 72 39 77 94 82 49 42 87  2 10 58 81 41
84 36 98 10 22 53 51 95 62 82 48 10 29 68 60  5 41 15 84 45
9 40 20 39 83 28 94 68 19 25 13 63 69 17 74 95 91 89 16 35
69 80 20 99 23  8 43 34 35 83 41  5 86 16 29 92 44 54 21 81
82 97  5 36 40 58  8 59 78 18 32 34 66 25 10 36 88 50 82 35
74 42 86 22 39 45 26 63 65 70 33 39 74 75  8 26 25 13 72 98
25 46 61 74 40 25 42  5  2 65  1 77 13 42 31 45  7 20 95 75
50 78 72 53 67 46 95 29  3 31  8 26 60 52 35 57 57 91 91 35
26 80 71 64 57 43 72 99 87 81 15 23 73  7 70 98 66 47 10 73
20 55 87 10 16 59 91 82 53 67 60 34 78 66 98 39 14 65 52 54
3 26  8 42 70 17 56 31 29 88 60 81 23 23 43 29 74 29 30 63
67 66 88 78 79 37  6 35 61  3 67 51 64 69 65 90 95 11 28 50
54 52 16 39 56 51 49 70 59 66 57 74 86 83 82 65 40 89 53  3
68 44 62 25 69 48 68 70 61 51 74 24 54 69 69 33 61 18 36 78
7 26 79 65 16  3 71 62 42 44 73 79  9 61 63 12 47 67 34  5