66 38 15  7 93 57 92 56 93 60 40 74 59 72 21 24 24 57 74 69
88 70 42 14 66  8 32 77 11 30 48 97 89 82 81 89 76 87 44 26
53 82 37 85 31 81 24 67  3 12  8 72 87 69 19 35 97 46 73 12
31 50 74 12 52 89 67 52 21 11 31 69 35 99 24 93 87 15 20 66
14 90 14 68  6 79 14 15 17 68 19 46 72 33 20 12 56 97 26 36
71 95  2 81 93 21 98 64 30 40 67 65 16 33 51 49 68 89 92 35
28 33 81 94 11 61 36 33 92 83 14 97 36 61 72 65 26 14  4 80
70 96 35 11 99 83 39 43 87 19 14 46 91 17 32 32 38 46 96 22
69 36  8 21  2 32 75 81 47 64 80 75 49 41 82 25 89 33 29 47
9 36 22 59 32 33 72 27 45 19 49 35 57 87 59 49 83 52 66 61
24 53 61 31 14 19 26 91 53 41 77 66 81 32 29 83 13 31  6 21
45 89 29  7 47 47 25 45 60 28 83 68 12 37 69 46 47 91 20 45
23 55 60 52 17 75 54 76 35 61 51 84 38 94 30 14 78 29 99 88
14 22 99 59 89 44 98 56 22 33 41 46 65 85 38  3 19 39  5 72
12 27  8 13 26 35 33 49 29 39 37  1 74 22 38 31  6 98 86 69
72 74  6 58 27 21 19 97  8 70 49 25 39 95 71 81 88 11 93 71
11 82 82 80 74 60 43 75  4 64 52 73 77 80 89 66 28 62 82 42
11 16 12 72 35 83 73 41 23 63 16 37 28 88 75 51 23 40  4 78
53 30 85  8 67 35 58 29 54 16 58 73 15 82 76 88 71 57 63 13
34 17 36 96 84 84 29 56 83 84 52 37 41 93 79 93 37  1 45 33
19 79 43 43 64  2 14 58 47 23 93 19 57 77 32 61 27 25 52 53
3  1 73 81 88 56 58 14 88 68 16 78 48 30 68  5 47 28 71 19
39 72 37 33 53 95  8 13 23 40 15  6 25  1 22 30 10  7 59 14
37 98 81 73 58 27 22 39 98 35 98 73 25 73 72 79 54 94 27 30
49 63 97 87 86 81 15 92 73 76 53 75 93 70 35 13 85 95 39 57
34 42 63 73  6 71 76 86 97 16 54 44 49 94 92 24 31 72 35 46
4 72 30 47 83 23 88 72 76  4 10 89 75 75 24 63 76 77 36 88
80 68 65 15 36 34 94  7 99 44 72 12 33 77 24 57 68  1  3  6
90  3 70  5 72 60 32 91 42 54 18 63 54 83 92 57 96 11 98 47
77 33 66 68 99 47 52 88  4 71 20 29 82 11 16 57  4 18 29 68