51 93 49  1 52 26 74 59 44  8 81 95 68 57 57 40 17 92 88  6
75 22 11 49 31 32  5 51 14 43 43 24 83 67  2 45 75 35 50 95
80 13 36 51 63 58 30 75 72 92 13 13 92 12 76 29 64 58 26 21
91 95 51 75 89 56 74 60 86 70 97 11 61 68 43  5 17 18 14 93
40  9 80 82 67 33 84 39 48 89 95 60  4 99 92 52 79  9 89 54
55 70 95 60  9 82 52 30  6 27 57 89 63 29 55 37 66 16 87 63
44 47 90 35 79 57 58 98 62  8 31 94 49 90 11 63 22 44 96 86
63 80 72 83 25 55 68 42 70 64 24  7 45 12 17  8 41 88  7 83
68 99 37 33 72 98 92 28 14 16 99  9 93 25  8 64  4 74 35 37
79 34 36 83 48 23  2  5 16 76 10 95 12 94 46 53 35 73 78 55
31 75 11 92 46 84 39 17 83 87 86 93 68 67 83  4 96  3  7 51
4 50 20 74 37 95 65 83 98 25 64 90 51 61 97 70 14 13 99 83
41 81 93 78 53 66 40  8 63 66  2 36 24 61 75 27 71 23 18 60
87 29 36  2 18  2 11 47 94 92 58 93 47 90 28 54 28 84 68  4
23 74 95 64 21 46 86  8 58 64 99 29 47 64  6 25 63 59 96 19
75 75 76 83 22 98 85 75 11 64 21 94 46 63 78 35  9 16 39 28
57 66 46 84 16 19  1 29 65 42 87 38 88 83 86 21 38 61 29 74
66 74 43 55 86 69 11 12 61 56 56 77 80 16 13 14 14 96 88 20
52  1 82 57 18 94 44 81 25 75 29 74 10 24 63 42 62 98 67 72
81 95 46  6  5 18 79 43 28 27 84 83 99 60 86 21 13 28 91 20
63 56 24 43 30 22 31 64 56 62 25 85 13 76 63 51 87 21 65  1
54  1 71 76 23 90 19 97 84 27 70 38 62 94 47 22 52 21 11 97
91 67 12 75 42 38 63 92 41 14 28 84 39 49 23 58  9 19 17 46
89 44 61 63 95 70 49 99 44 68 86 86 11 13 17 85 62 80 37  2
39 42 19 81 46 87  7 58 27 97 53 21 69 97 64 47 11 43 67 11
4 13 44 27 23 25 44 39 38 31 38 95 13 19 29 37 44 77 24 39
56 91 37 36 86  2 39 19 90 43 72 87 37 39 90 33 73 88 34 66
56 32 48  6  9 57 21 56 37 75 40 93 97  5 67 24 20 15 16 21
31 30 88 45 37 38  3 97 40 29 24 30 29 45 51 58 82 51 85 37
38 77  8 48 46 89 96 50 21 38 57 26 97 70 23 18 33 34 35 69