11 45 34 61  8 97 59 72 82 57 87 61 90  4 17 69 95 15 97 93
57 64 15 19 14 54 71 29 17 43 81 87 65 62 80 75 19 48 33 68
71  1 90 81 84 19 75 83 25 69  1 80 35 76 37 23 13  4 81 20
16 91 22 28 89 99 69 22 85 25 60 33 17  6 94 56  8 77 54 82
3 51 43 21 66 71 17 98 73 76 93 88 61 79  9 18 31 80  4 32
44 97  7 54 12 68 26 42 19 92 57 71 67  2 49 40 51 27 35 22
5 55  2  6 65 42 19 64 51  4 13 46 52 38 15 87 74 64 80 91
92 39 24 71 12 37 64 17 95 52  9  3 87 46 71 29 22 62 43 51
78 91 26 81 43 43 93 35 36 74 18 30 15 64 90 75 37 35 39 87
14 21 74 30 62 70 87 29 86 88 24 54 11 15 21 29 57 75 57 43
40 34 46 97 67 59 65 47 20 22 15 66 20 40 72 73 50  4 88 44
33  9 84 70 56 60 16 84 13 47 65 76 51 34 53 63 14 84 78 92
67 18 66 37 65 92 30 57  1 16 89 36 30 49  7 73 20 26 29 42
99 72 22 79 60 28 59 95 84 49 86 37 10 68 70 20 71 23 71 51
39 88 82 41 99 45 11 48  2  8 88 95 64  7 62 19 61 60 45 32
81 18 77 33 17  9  5 76 75 65 11 69 17 66 36 23 75 64 14 42
47 51 60 94 15 13  8 16 61 72 69 17 44 84 97 93 91 60 99 57
28 70 42 96 14 81 57 16 45 44 40 11 70 97 20 80 24 27 55 13
92  4 31 76 91 66 59 97 15 27 15 62 82 94 55 52 77 39 38 53
17 99 47 82 14  2 82 69  6 89 66 39  9 90 91 63 13 34 36 81
99 68 56 70 72 77 51 64 66 57 74  9 72 94 63 21 39 23 80  8
67 22 59 37  6 64 17 50 45 30  7 78 72 36 23 94 25 74  6 97
42 90 28 19  7 97 82 41 69 47 76 88 11 68 70 31  8 81  3 84
62 34 98 65 12 66 32 60 12 85 73 55 97 24  9 26 92  3 41 83
12 93 74 20 33 89 41 96  4 99 47 23 12 91 25 83 34 83 70 27
99 50 17  9 72 91 37 39 72 31 72 97 40 43 96 51 29 21 18 50
55 41  4 75 86 59 44 73 66 70 79 85 51  5 35 17 30 35 34 91
97 32 41 33 23 39 74 49 69 28 55 60 61 84  2 84 17 73 26 91
21 51 99 79 21 48 44 67 48 96 19 39 56 76 16 40 69 93 15 52
45 22 89 42 43 99 91 34 43 68 76 55  1 73 56 89 13 99 82 72