86  5 21 67 87 90 21 87 82 68 25 10 58 65 20 34 12 35 63 41
91 80 38 79 66  6 21 89 50 93 52 33 82 51 90 55 99 75 22 58
59 22 10  1 75  1 35 15 39 28 29  8 65 45  5 90 18 11 39 70
20 39  2 32 44 85 30 68 67 57 14 75 71 41 36 33 72 32 92 17
82 71 55 28 73 12 18 41 78 71 26 97 23 65 54 88 94 28 22 95
5 29 73 69 51 70 24 89 21 89 83 14 61 12 97 57 61 61 19  3
43  4 32  4 96 34 21  2 33 77 62 39 89 90 90 42 16 73 75 57
78 63 26 48  9 26 55 93 15 85 39 87 66 54 68 30  7 52  2 31
55 87 10  5 48 78 87  8 70 69 57 85 58 74 92 77 54 43 28  6
42 71 68 77 19 12 59 74 71 22  7 53 99 71 88 91 22 46 80 55
77 17 79  1 72 88 42 83 84  8 40 91 66 85 43 51 94 23 84 15
6 41  5 87 46 75 49  6  1 50 88 65 10 88 46 33 47 72 48 12
56 75 53 34 73 83 72 15 28 52 49 15 81 88 11 52 48 88 18 46
68 36 34 11 63 31 30 59 85 60 78 82  6 88 43 66 93 82 39 16
58 48 97 67  3 85 36 24  2 37 72  2 25 74 46 43 62 27 77 82
5 93 79 40  4 82 73 71 61 65 74  2 57 78 12  1 83 10 85 48
75 63 16 15 42 34 27  3 83  7 12 63 94 20 35 75 52 25 98 83
39 65 21 34 66 27 81 33 29 95  1 64 82 61 74 51 48 99 23 57
88 93 11 90 27 63 20 51 36 76 26 10 71 74 35 48 12 36 24 10
93 56 28 57 21 59 48  6 16 90  6 49 32 82  3  4 31 25  8 28
68 11 99  3 78  1 39 65 19 16 11 26 10 54  2 69 91 39  1 91
10 24 55 71 99 85 58 18 11 90  7 88 75 97 75 11  8  6 45 78
68 57 15 36 27 26 66 38 97 55 73 23 68 19 89 46 34 39 23 60
28 20 44 81 62 66 44 52 40 89 92 27  6 75  6 96 50 73 60 31
90 55 41 20 51 44 67  6 82  5 10 63 80 39 22 48 24 66 46 91
41  4 34 68 58 71 57 81 62 84 57 23 31 59 18 74 60 38 70 49
53  6 79 84  3 41 28 61 43 36 68  8 35 73 81 93  1 94 96 73
92 94 54 17 11 41 55 15 87 81 62 78 28  8 77 82  1 68 84 58
82 31 12 78 83 33 39 78 33 11 91 54 26 90 71 12 28 57 99 49
37 17  3 57 71 82  9 29 17 99 96 97 10 26 36 32 14 35 34  8