17 42  3 77 53 65 14 14 77 22 26 53 36 66 26 56 14 41 69 85
57 93 85 20 94  3 59 80 40 83 67 55 25 24 74 47 37 98  9 84
2 62 35 87 37 79  4 79 61 35 39 26 24 17  8 88 39 25 92 48
51 30 79 27 25 13  3 23 17 22 45 13 72 52 56 56 84 16 50 64
72 80  4  7 85 30 75 47 94 11 75 63 58 63  4 33 47 78  8 20
32 82 45 14 10 60 98 95 61 88 66 79 98 44 48 27 47 31 13 50
32 53 33 70 59 41 95 65 91  7 19 82 93 56 44 47 32 62 52 15
5 44 94 20 35 75 92 30 69  4 99 71 18  1 75 44 35 37 53 96
60 54 41 45 79 19 53 91  1 74 16 56 75 95 90 86 58 42 79  8
78 56 24 60 88 47 33 11 92 72 42 88 30 57 97 25 26  5 62 45
95 62 53 69 45 48 49 59 37 23 94 19 79 81  9 66 32 17 38 59
61 73 79 25 75  5 76 26 69 18 21 21 16 39 15 64 98 70 54 32
46 94 33 24 31 57 57  8 88 55 69 51 94 43 35 61 14 30 84 79
97  7 59 87 57 37  4  2 23 45 73 72 98 79 61 15 80 77 15 76
53 66 42 59  6 60 30 59 63 61 83 14 78 90 38 88 20 23 81 64
75 38 15 48 37 92 99 37 79 28 68 20  6 57 79 97 76 11  6 95
74 45 93  9 58 16 27 19 19 69 82 25 31 51 85 42 10 85 85 27
30  5 54  3 63 47 59 45 63 40 10 16 42 46 66 34  1 15 81 69
98 89 45 11 12 49 44 98 15 79 98 48 19 90 20 20 13 78 32 39
20  4 65 99 56 61 45 93 32 44 62 94 57 58 44 88  1 65 73 64
15 71 39 31 32 80 54 38 51 50 58 96 96  9 65 32 19 54  7 10
53 19 68 99 77 12 81 96 46 56 41  8 93 10 75 75 85 32 80 84
96  9 42 52 66 80 45 91 31 40 12 60 99 57 68 44 16 55  6 84
98 29 75 40 81 73 70 29 85  3 89 12  1 46 30 28 82 10 18 97
21 47  2 63 57 25 25 80 70 44  7 30 62 55 68 56  1 25  5 13
41  6  7 80 93 12 54 12 38 30 68 36 19 46 71 71 94 66 99 57
57 55 46 15 61 64 19 14 49 58 54 54 50 32 40 47 70 97 50 65
53 32  2 85 17 94 46 83 63 67 46 84 34 22 24 70 63 14 76 67
25 83 87 50 60 63 86  5 11 27  8 32 16 49 20 42 59 13 86 38
64 20 31 14 50 93 72 74 13 42 18 25 83 33 21 92 48 60  4 80