11 1 2 8 5 13 10 14 4 12 9 6 3 7 0
1 0 3 9 5 4 10 13 2 6 7 12 8 11 14
9 7 4 0 2 1 8 10 3 5 12 14 11 6 13
0 12 3 11 10 2 13 7 14 6 8 4 9 5 1
3 1 9 5 10 8 2 0 13 7 4 6 14 11 12
5 4 10 8 3 13 1 9 6 2 11 14 0 12 7
11 3 9 2 4 13 7 6 10 0 14 12 8 1 5
7 9 0 12 13 1 3 14 4 5 11 6 2 10 8
14 11 2 12 13 4 5 9 7 6 10 0 8 1 3
12 1 14 10 11 2 8 3 13 9 7 0 5 6 4
5 14 2 12 7 3 6 10 1 11 9 4 8 13 0
7 11 1 4 6 2 8 9 13 10 5 14 0 12 3
8 1 3 10 11 7 6 0 13 2 14 4 12 5 9
11 6 12 13 4 1 0 9 8 5 10 2 3 7 14
8 4 3 13 1 2 12 6 9 0 14 5 11 7 10
8 2 5 3 4 12 14 1 9 10 6 13 0 7 11
0 10 4 7 6 14 11 9 2 5 1 13 12 8 3
1 8 6 2 9 4 13 11 10 3 14 7 5 0 12
12 5 11 2 7 3 14 1 8 4 13 9 6 10 0
14 8 4 5 0 2 11 9 1 6 13 10 3 7 12
3 4 13 11 7 12 6 9 14 5 8 1 0 10 2
7 8 14 5 2 0 1 9 10 12 6 4 13 3 11
6 11 14 7 12 9 8 0 1 2 4 13 3 10 5
9 2 3 14 8 1 10 4 13 11 6 5 7 12 0
2 11 1 9 0 4 12 5 8 6 7 13 3 10 14
1 11 8 0 12 3 10 14 7 13 2 4 6 5 9
5 3 11 12 14 2 10 8 13 6 9 0 4 1 7
7 8 2 5 13 4 9 6 14 10 12 0 3 11 1
2 0 11 5 7 12 10 13 9 6 1 8 4 3 14
7 11 9 0 6 8 4 12 2 3 14 5 1 13 10
14 2 8 10 7 4 3 1 9 0 11 5 13 12 6
6 8 7 11 4 2 3 1 10 13 9 5 0 14 12
13 2 1 14 6 0 12 11 4 10 5 7 3 9 8
0 3 14 7 9 2 10 4 11 6 8 1 5 12 13
4 3 11 13 7 5 0 8 6 12 2 1 14 10 9
7 13 4 8 12 14 10 11 0 5 2 9 1 3 6
12 10 4 1 8 5 9 2 11 0 14 6 3 7 13
0 5 4 14 13 1 2 10 9 8 12 6 11 7 3
2 11 9 1 7 14 0 5 12 3 6 13 4 8 10
12 3 10 6 9 0 2 11 7 14 8 4 1 13 5
5 10 12 0 8 7 6 9 11 1 2 4 14 3 13
6 13 7 9 3 1 14 4 11 12 2 10 5 8 0
4 8 9 7 6 2 5 13 3 11 10 0 14 12 1
1 7 8 2 12 9 11 4 14 10 3 6 5 0 13
7 4 8 10 3 13 2 12 0 1 9 14 5 6 11
2 14 12 7 4 13 5 9 0 3 1 8 10 6 11
7 2 11 13 8 10 4 12 9 0 3 5 14 1 6
9 14 1 2 12 11 4 7 5 10 0 3 6 13 8
12 0 10 4 8 9 7 11 3 2 5 1 14 6 13
11 3 5 10 1 6 14 13 12 0 4 2 8 9 7