2 10 12 8 9 0 14 13 6 7 4 11 3 5 1
3 1 10 12 0 2 9 8 13 11 6 14 5 4 7
8 0 2 1 3 7 13 6 4 10 12 11 5 9 14
10 4 1 6 12 3 5 11 14 2 13 9 8 0 7
2 1 14 8 11 13 12 6 5 3 7 4 9 0 10
11 12 9 7 14 6 2 1 4 0 3 8 10 13 5
0 8 12 1 5 4 7 14 10 2 11 9 13 3 6
3 7 13 9 12 8 10 11 4 2 0 5 1 6 14
13 12 9 6 3 14 2 8 10 11 4 1 5 7 0
9 10 8 12 13 11 1 5 2 7 14 6 3 0 4
7 3 2 8 6 10 5 1 13 0 12 11 14 4 9
8 12 1 2 14 4 10 5 6 9 0 13 11 7 3
9 13 3 14 5 2 11 0 6 8 4 12 10 7 1
12 3 5 8 7 13 6 1 14 0 11 2 4 10 9
6 4 1 5 3 9 0 7 14 11 10 8 13 12 2
1 8 0 9 10 13 7 5 4 6 14 11 12 3 2
7 13 1 9 6 10 2 8 12 4 11 14 5 3 0
13 3 2 4 0 8 12 11 7 6 10 1 14 9 5
4 9 1 6 0 5 13 2 12 3 10 14 7 8 11
0 3 2 13 12 10 5 14 1 6 11 8 9 4 7
4 1 13 9 10 0 7 8 14 6 3 11 5 12 2
12 6 10 0 5 3 13 1 11 8 14 9 2 7 4
9 6 3 0 12 2 5 7 8 13 14 4 10 11 1
0 3 8 13 11 12 14 7 9 6 10 1 2 4 5
2 5 0 12 13 9 3 11 10 8 4 7 6 1 14
13 2 4 6 12 9 7 1 11 3 8 14 5 10 0
0 11 8 4 7 6 13 1 5 3 9 10 2 14 12
10 5 0 9 1 13 3 7 4 6 12 8 14 11 2
1 8 4 10 13 3 12 0 14 9 6 11 7 2 5
8 13 6 3 1 7 9 0 12 14 2 4 10 5 11
4 3 12 1 13 0 6 8 14 2 7 9 11 10 5
0 8 1 7 14 5 4 10 9 12 6 2 13 3 11
3 6 12 11 0 2 5 1 14 8 13 4 9 10 7
5 4 14 7 0 8 13 2 12 9 1 6 11 10 3
6 9 12 11 2 1 8 5 14 10 4 7 13 3 0
10 2 4 0 14 12 13 1 8 5 9 6 7 11 3
11 4 8 6 2 7 14 12 5 3 0 1 9 13 10
14 7 2 11 0 4 9 8 5 6 10 3 13 12 1
0 14 11 4 2 6 5 13 12 1 10 7 8 9 3
2 5 13 8 11 12 6 4 9 10 14 7 0 1 3
1 9 4 5 2 0 13 7 6 11 3 12 8 10 14
6 4 11 8 10 7 5 13 3 1 12 2 9 14 0
12 2 6 5 14 10 8 0 9 7 1 4 11 13 3
14 9 5 1 0 3 6 7 2 13 12 10 11 4 8
9 4 1 14 7 6 0 10 12 5 13 8 11 3 2
2 5 8 12 0 10 6 9 4 3 1 7 14 13 11
10 3 9 14 13 5 2 0 4 6 12 7 11 8 1
7 10 9 14 5 12 8 11 3 2 13 0 6 4 1
7 0 2 3 11 14 5 12 4 9 1 13 8 10 6
9 2 6 8 7 12 0 3 14 13 10 11 1 5 4