34 91 93 88 59 66 50 53 45  1 68 77 37 61 17
19 73 15 72 38 52 14 69 19 29  3 48 11 54 28
59 29 84  4 19 35 22 50 68 28 96 23 74 90 51
14 86  8 85 49 56 87  2 85 60 97 51 39 34 89
99  5 39 39  3 73 16 62 29 68 14 38 90 56 32
23 84 34 77 25 44 45 14 79 90 78 56 37 61 96
24 15 99 49 66 99 87 11 45 84 20  9 71 50 54
67 11 97 63 64 33 66  4 89 60 51 13 33 48 70
56 66  8 92 81 94  5 21 69 61 50 99 49 26 83
14 38 82 99 77 17  9 21 15 43 39 39 80 19 43
76 94 34 45  7 83 88 47 22 90 11  6 22 40 51
72 65  2 38 96 10 58 65 17 75 65 79 83 45 52
23 35 24 67 65 18  7 68 19 63 18 80 19 23 39
47 70 38 14 46 48 14 45 31 35 95 75 61 44 71
26 14 46  1 23 50 27 82 26  7 55 22 21 85 66
11 84 48 49 19 98 92 42 67 57 40 78 19 52 14
12 71 17 67 20 41 74 96 87 20 84 77 72 91 37
12 12 66  2 17 33 30 10 72  6  6 41 39 71  4
3 89  9 24 80  7 42 85 84 89 40 42 92 91 77
98 83 65 94  6 96 34  7 49 25 47  8 93 67 50
52 57 73 45 55 63 99 20 59 90 31 23 99 92 53
64  4 25 52 72 41 11 99 35 77 89 98 63 59 99
80 93 64 13 48 47 78 59 58 73  3 28 13 72  9
24 95 93 48 78 64 26 86 83 41 62 53 35 84 45
91 86 79  5 85 29 73  9 74 69 23 80 82 34 88
76 77  2 28 27 27 87 33 41 99  2 44 16 83 91
96 27 61 42 99 76 87 36 24 21 88 43 89 78 53
86 72  3 91 33  1 37 39 30 78 52 52 64 88 75
98 52 99 11 57 40 52 75 23 49 65  1 57 56 92
82 33 80 23  7 49 24 50 29 38 47  3 53 89 70
32 62  9 88 58 70  9 66 18 40 33 54 60 92 88
2  5 35 65 67 58 61 72 60 84 88 23 17 71 13
65 56  5 94 82 76 29  1 93 66 47 32 42 75 13
14 86 65 41  3 10 49 26 10 86  1 32 38 48 93
98 21 61 61 54 71 98 39 14 38 74  2 12 93 85
93  1 26 57 38 80 43 64 23 88 74  5 16 50  1
23 55 72 57 46 17 80 44 80 55 75 69 34 44 30
64 93 55 78  9 24 59 72 30 50 81  7 53 69  3
63 40 81 33 52 86  2 43 57 36 53 18 22 92 40
60 79 43 83 76 79 53 72 40 37 66  3 52 33  9
28 70  7 51 33 57 89 60 64 36 75 49 13 36 65
74 97 88 27 95 99 17 31 87 34 28 16 16 94 14
63 47  6 43 48 65 83 98 58 60 12 48 93 77 32
32 94 71  3 20 45 10 45  6 57 35 76 46 87 25
45 63 82 23  1 13 50 64 82 55 42 14 35 15 47
6  6 28 96  2 85 97 90 83 76 65 46 71 42 61
95 54 46 33 13 71 37 60 50 30 56 10 62 76 57
96 64  6 90  1 99 86 27 18 56 19 73 76 82 78
98 69 68 45 17 29 15 81 31 79 54 50 73  2 86
44 78 31  8  8 15 95 83  3 30 39 92 47 49 45