68 21  7 19 83 74 12 69 39  9 63 67 58 37 15
62 83 32 56 61 67  9 50 88 99 50 86 42 70 30
20 40 28 51 23 34 10 71 41 14 62 41 14 72 48
47 32 99 51 85 49 32 89 75 24  8 49 86 97 86
12 65  3 89 26 67 24 24  4 43 33 52 40 84 99
77  1 81 61 51 14 78 69 95 18 15 66 74 84  1
23 58 33 52 26 12 97 78 51 82  5 74 12 25 40
68 66 14 95 19 97 58 54 74  5 83 92  8 96 80
89 76 74 77 59 39 36 39 45 34 48 72 70 75 42
38 43  9 29 82  4 42 71 92 27 44 77 55 92 90
7 57 20 39 61 10 93 34 85 62 29  4 51 62 47
65 57 76 89  9 61 64  2 85 84 27 70  5 59 69
36 33 79  8 85 76 92  5 23 70 24  1 39  1 71
44 48 59 56 77 12 87 41 89 24 24 58 56 17 33
52 20 57 96 12 40 60  7 34 91 21 44 79 54 35
12 24 15 66 62  4 37 33 77 67 76 41 77 51 81
63 60 49 76 75 65 26 74 11 44 67 94 90 62 86
31  6 62 81 72 20 18 78  3 98 94 22  4 65 72
21 44 87 31 91 31 81 10 31 24 38 90 18  2  1
31 76 62  1 66 36 36 55 22 86 74  8 59 37 37
4 71 39 16 33 26 45 87 42 11 18 11 17 76 51
34 38 74 54 60 91 81 92 45 51 20 71 14 13 58
66 13 21 92  3  3 78 47 46 52 87 87 62 70 90
85 17 86 96 55 74 18 81 56  3 31 15 92 47  3
93 33 74 90 52 37 42 28 83 82 72 13  9 52 21
11 61 47 11 41  7 31 51  2 81 45 27 52 88 61
98 52 41  5 20 97 48 23 34 28 75 21 60 86 34
55 99 49 44 28 37 12 69 86 74 45 95 97 78  1
93 42 25 34 59 10 44 38 80 29 68 71 27 24 46
29 16 78 32 30 72 91 77  5 90 24  6 70 54 52
38 68 52 79  5 47 42  4 66 47 71 79 17 64 53
51 90 62 97 77 30 17 13 65 60 90 13 78 82 77
22 38 94 10 64 22 91 70 22 54 82 49 30 62 66
88 79  9 18 54 20 59 24 52 70 16 32 60 79 92
44  7 78 85 13  3 58 62 59 79 31 44 12 79  6
72 70 97 25  8 99 65  2 92  3 61 95 42 82 60
15 85  2  4 69 42 73 73 28 16 37 59 46 64 41
55 88 69 56 48 17  2 66 70 57 67 38 45 14 94
59 99 97 14  3 26  6 47 35 71 49 91 38 74 42
41 40 98 50 54 14 64 54 84 26 56 69 96  6 42
88 43 40 48 46 70  8 36 16 85 82 50 74 28 87
6 48 70 98 19 24 37 38 85 99 20 76 94 90 14
56 14 61 34 25 70 50 15  6 77 37  8 63 37 25
95 34 65 88 43 42 30 62 86 52 61 16 48 62 53
44 92  4 59  3 34  8 78 22 98  9 63 84 54 53
91 14 88 54 29 66 48 58 42 26  8  7 99 23 74
67 77 32 97 71 47 67 98 43 62 84 44  2 60 46
27 72 62  7 76  3 30 37  9 13 72 99 16 17 40
52 97 25 92 54 55 51 92 40 52 62 42  1 56  9
64 83 31 47 19 62 11 44 55 60 84 64 83  7 10