25 10 40 50 45 91  6 40 19 88 87 67 34  1 26
53 83 52 92 92  8 75 56 40  7 20 84 64  7 23
99 51 86 53 86 30 87  8 53 39 22 55 64 32 64
68 19 13 10 64 50  4 28 69 68 37 78 41 51 34
23 50 25 37 93 74 47 50 40 82 29 91 79 40 19
77 19 44 79 79 33 12 12 15 32 64 26 90 49 67
28 84 95 28 93 67 75  8 56 79 27 18 45 20 44
2 60 12 35 45 40 24 90  1 21 75 79 91 32 41
61 30 81 70 82 25  9 29 27 29 68 64 23 51 51
87 94 91 14 15 38 86 16 44 63 62 87 77 31 19
64 80 92 99  1 30 21 76 65 13 36  2 77 13 68
28 53 64 24 51 82 99 21 68 41 14  9 91 57  5
51 93 77 61 22 77 55 96 76 27 12 63 84 46 14
51 35 64 79 15 82 58 72 60 99 47 44 19 99 86
49 21 37 24 96 32 94 37 28 30 41 66 12 78 82
27 63 35 52 71 62 20 16 64 80 57 34 74 13 80
72 98 50 45 73 82  3 53  4 86 54 76 55 38 53
22 30 17 53 50 86 18  1 35 93 90  5 88 11 65
28  4 11 87 62 59 36 57 34  5 76 83 91 46 64
67 20 95 52 37 88 66 87 77 38 56 78 55 28 55
6 19 65  5 68 26 93 46 49 23 83 61 88 68 62
52 25 33 14 29 61 17 82 19 37 77 41 47 45 51
68 23 18 65 89 10 98 61 38 64 91 36 66 32 24
86 90 44 60 22 83 94 14 80 46 20 13 39 67 17
4 21 59 50 75 41 79 36 54 72 94 46 18 81 45
77 97 61 61 93 97 86 15 73 28  1 80 89 52 30
15 27 35 47 79 26 72 89 35 52 17 92  5 20 49
3 93 56 82 58 65 82  5  5 92 30 35 17  4 78
30 55 85 50 29 77 67 55 45  6 48 46  9 31 41
23 67 33 27 78 64  5 16  6 44 43 49 12 17 85
50 56 80 54  8 70 83 18 31  4 90 87  1  5 61
22 15  4 40 69 98 44 77 23 14 96 90 90 78 71
94 30 51 86 69 52 11 29 37 70 34 13 10 61 48
7 74 14 65 19 17  4  5 27 93 91  9 69 35  5
40 89 73 92 58 68 97 94 77 43 52  8 41 21 56
71 43 11 65 11 15 46 78  3 27 33 87 97 59 37
68 96 30 84  2 81 57  7 70 39 62 94 96 38 46
96 34 71 88 10 99 48 57 31 93 33 84 28 32 72
96 15 31 93 21 40 99 60 63 95 45 33 83 11 75
47 71 37 59 72 64 61 52 20 13 11 26 28 91 27
31 76  4 35 18 50 16 52 85 43 44 21 72 24 12
71 30 58 71 87 74 33 26  3 75 87 14 33 52 38
42 39  8 26 26  9  1 83 85 11 81 72 87 41 44
73 59  4 25 68  3 72 69 50 62 22 77  1  4 94
59 45 39 64 35 42 16 88  9 88 85 54 63 21 76
66 23 28 12 22 65  9 27 25 75 85 19 41 20 25
28 96 37 58 94 40 42 41 20 80 29 12 81  8 28
83 17 26 78 95 45 16 53 12 50  6 87 44  5 63
13 85 49 73 48 44 84 85  1 12  3 39 75 73 45
3 15 40 77 43 91 51 17 71 33 83 61 68 14 97