76 34 28  8 10 74 92 30 10 82 45 74 24 87 38
90 55 16 77 86 83 26 92 23 50 74 81 15 14 31
35 56 32 64 70 78 23 46  8 75 45  5  7 62 73
74 13 78 88 32 26  8  2 27 29 62 48 25 78  8
95 68 65 93 68 75 54  2 60 99 13  3 66 57 60
43 84  7 70 43 37 42 92 70 91 30  5 57 70 80
83 97 12 19 50 18 41 66 24 98 11 21 29  6 86
86  4 94 52 22 76 81 47 92 95 15 33 85 38 54
80 56 54 87 22 93 36 83 99 27 15  7 69 77 50
43 49 13 27 94 91 79 80 13 81 34 19 67  3 67
63 56 77 17 17 51  3  9  7 63 87 66 92 64 60
33 86 35 69 32 86 26 98 95 31 11 82 85 71 61
81 86  1 18 16 94 84 11 18 41 72 15 50 79 77
67 41 99 29 62 80 39  1 21 38 68 88 88 95  2
76 80 42 65  4 62 50 93 74 76 10 76 55 95 94
76 40 96 89 22  1 22 49 12 27 17 34 48 28 32
90 50 33 53 21 35 11 53 44 58 76 32 62 60 23
96 14 67 37  7 23 76 82 51 68 58 66 13 40 43
32 95 70 27 79 37 98 86 85 53 25 88 32 31 26
18 31 97 94 74 73 40 34 88 52 48 72 50 20  6
85 90 87 57 87 11 96 69 77 95 60 37 87 83 40
76  1 46 31 21 57 69 96 85 40 30  4 61 44 29
33 48 71 27 67 11 23 97 71 23 54 91 55 12 62
65 19  6 45 94  4 46 52 93 14 49 70  1  3 23
14  3 34 13 46 79 82 76 14  6 27 34 65 51 85
8 41 74  9 42 98 65 94 24 83 21 75 26 30 67
86 96 60  6 78 87  5 26 48 81 64 20 44 91 12
75 24 27 14 33 17 93  5  5 89 53 66 85 51 96
31 63 21 37 68 78 48 66 86 18 77 22 31 87 18
23 25 22 40  5  9 29 51 61 84 50  4 87 36 31
16 81 18 73 26 19 54 44 92  8  6 89  2 46 21
57 48 31 57 11 79 68 99 44 71 59 13 10 48 32
42 34 93 63 13 38 93 34 66 62 39 68 43 72 37
86 11 33 85  9 33 80 92 59 21 65 19 96 17 33
44 43 78 36  8 12  4  8  2 78 43 27  9 16 17
81 32 38 83 32 74 76  6 17 28 76 66 19 27 77
49 74 35 11 81 72 76 49 67 29 52 33 72 54 19
96 73 39 69 42 77 95  5 37 56 21 65  5 40  8
11 44 32 43 10  5 62 15 92 79 30 29 21 58 29
22 83 55 95 42 42 62 12 82 52 41 40 86 28 48
64 68 14 70 63 33 82 55 17 51 96 27 79 63 28
89 80 98 54 75 97 40 62 98 38 70 39 23 12 94
21  8 80  2 66 33 22 21 70 14 32 70 78 46 38
17 22 57 60 68 86 31 16 75 65 46 56 75 99  6
4 75  8 35 67 88 40 90  9 99 93 39 59 90 69
34 61 88 54 95 22 47 91 53  7 94 14 70 40 31
28 90  5 85 83  6 69  6 57 87 93 75 70 86 68
25 44 54 94 35 62 63 51 59 68 85 48 64 40 75
29 42 56 94  9 31 80 52 53 82  8 32 94 94 32
39 12 34 24 41 85 74 46 30 89  2 87 57 84 34